t_list,x_list,v_list,v0,n_scn,iter,mse,type,mse_mean,N. file,DOE,processed
"[197.60000000000002, 197.65000000000003, 197.70000000000002, 197.75, 197.8, 197.85000000000002, 197.9, 197.95, 198.0, 198.05, 198.10000000000002, 198.15, 198.20000000000002, 198.25, 198.3, 198.35000000000002, 198.4, 198.45000000000002, 198.5, 198.55, 198.60000000000002, 198.65000000000003, 198.70000000000002, 198.75, 198.8]","[array([50.60468409, 50.5250238 , 50.4453635 , 50.3657032 , 50.28604291,
       50.25623411, 50.22642532, 50.19661652, 50.16680773, 50.15453952,
       50.14227131, 50.13000311, 50.1177349 , 50.11690358, 50.11607227,
       50.11524096, 50.11440964, 50.12978494, 50.14516024, 50.16053553,
       50.17591083, 50.208362  , 50.24081317, 50.27326435, 50.30571552]), array([55.43468393, 56.93468393, 58.43468393, 59.93468393, 61.43468393,
       62.93468393, 64.43468393, 65.93468393, 67.43468393, 68.93468393,
       70.43468393, 71.93468393, 73.43468393, 74.93468393, 76.43468393,
       77.93468393, 79.43468393, 80.93468393, 82.43468393, 83.93468393,
       85.43468393, 86.93468393, 88.43468393, 89.93468393, 91.43468393])]","[[-1.5932059288024902, 30.0], [-0.5961759090423584, 30.0], [-0.24536412954330444, 30.0], [-0.016626298427581787, 30.0], [0.3075059652328491, 30.0], [0.6490234136581421, 30.0]]",30.0,20,1.0,156.85110832482104,train,48.92324826287554,9,"[1, 10, 1]",pre
"[205.8, 205.85000000000002, 205.9, 205.95, 206.0, 206.05, 206.10000000000002, 206.15, 206.20000000000002]","[array([32.17447451, 32.54669848, 32.91892245, 33.29114643, 33.6633704 ,
       34.03182498, 34.40027955, 34.76873413, 35.1371887 ]), array([51.57846757, 51.88509192, 52.19171626, 52.4983406 , 52.80496494,
       53.19418186, 53.58339879, 53.97261571, 54.36183263]), array([67.82496174, 69.32496174, 70.82496174, 72.32496174, 73.82496174,
       75.32496174, 76.82496174, 78.32496174, 79.82496174])]","[[7.444479465484619, 6.132486820220947, 30.0], [7.369091510772705, 7.784338474273682, 30.0]]",30.0,32,1.0,2.6465580205611494,train,48.92324826287554,9,"[1, 10, 1]",pre
"[117.0, 117.05, 117.1, 117.15, 117.2, 117.25, 117.30000000000001, 117.35000000000001, 117.4, 117.45, 117.5, 117.55000000000001, 117.60000000000001, 117.65, 117.70000000000002, 117.75000000000001, 117.80000000000001, 117.85000000000001, 117.9, 117.95, 118.0, 118.05, 118.1, 118.15, 118.2, 118.25, 118.30000000000001, 118.35000000000001, 118.4]","[array([17.14410946, 17.68796412, 18.23181879, 18.77567345, 19.31952812,
       19.93511001, 20.55069191, 21.1662738 , 21.78185569, 22.39479787,
       23.00774004, 23.62068221, 24.23362438, 24.89120695, 25.54878952,
       26.20637209, 26.86395466, 27.56880619, 28.27365772, 28.97850925,
       29.68336078, 30.43799278, 31.19262478, 31.94725677, 32.70188877,
       33.47350775, 34.24512674, 35.01674573, 35.78836471]), array([42.06447152, 43.56447152, 45.06447152, 46.56447152, 48.06447152,
       49.56447152, 51.06447152, 52.56447152, 54.06447152, 55.56447152,
       57.06447152, 58.56447152, 60.06447152, 61.56447152, 63.06447152,
       64.56447152, 66.06447152, 67.56447152, 69.06447152, 70.56447152,
       72.06447152, 73.56447152, 75.06447152, 76.56447152, 78.06447152,
       79.56447152, 81.06447152, 82.56447152, 84.06447152])]","[[10.877093315124512, 30.0], [12.311637878417969, 30.0], [12.258843421936035, 30.0], [13.151651382446289, 30.0], [14.097030639648438, 30.0], [15.092639923095703, 30.0], [15.432379722595215, 30.0]]",30.0,7,1.0,71.90525420880464,train,48.92324826287554,9,"[1, 10, 1]",pre
"[140.0, 140.05, 140.1, 140.14999999999998, 140.2, 140.25, 140.3, 140.35, 140.4]","[array([59.25023729, 59.49328045, 59.73632361, 59.97936677, 60.22240993,
       60.5088875 , 60.79536506, 61.08184263, 61.3683202 ]), array([69.81953059, 71.31953059, 72.81953059, 74.31953059, 75.81953059,
       77.31953059, 78.81953059, 80.31953059, 81.81953059])]","[[4.860863208770752, 30.0], [5.729551315307617, 30.0]]",30.0,10,1.0,13.20308586642691,train,48.92324826287554,9,"[1, 10, 1]",pre
"[161.60000000000002, 161.65000000000003, 161.70000000000002, 161.75, 161.8, 161.85000000000002, 161.9, 161.95, 162.0, 162.05, 162.1, 162.14999999999998, 162.2, 162.25, 162.3, 162.35, 162.4, 162.45000000000002, 162.5, 162.55, 162.60000000000002, 162.65000000000003, 162.70000000000002, 162.75, 162.8]","[array([49.19422981, 49.3270889 , 49.459948  , 49.5928071 , 49.7256662 ,
       49.9465001 , 50.167334  , 50.38816789, 50.60900179, 50.94050399,
       51.27200619, 51.60350839, 51.93501059, 52.45345279, 52.97189499,
       53.49033719, 54.00877939, 54.69964806, 55.39051672, 56.08138539,
       56.77225405, 57.55380732, 58.33536059, 59.11691386, 59.89846712]), array([54.1373873, 55.6373873, 57.1373873, 58.6373873, 60.1373873,
       61.6373873, 63.1373873, 64.6373873, 66.1373873, 67.6373873,
       69.1373873, 70.6373873, 72.1373873, 73.6373873, 75.1373873,
       76.6373873, 78.1373873, 79.6373873, 81.1373873, 82.6373873,
       84.1373873, 85.6373873, 87.1373873, 88.6373873, 90.1373873])]","[[2.657181978225708, 30.0], [4.416677951812744, 30.0], [6.630043983459473, 30.0], [10.368844032287598, 30.0], [13.817373275756836, 30.0], [15.631065368652344, 30.0]]",30.0,14,1.0,40.70452726224522,train,48.92324826287554,9,"[1, 10, 1]",pre
"[117.80000000000001, 117.85000000000001, 117.9, 117.95, 118.0, 118.05, 118.1, 118.15, 118.2, 118.25, 118.30000000000001, 118.35000000000001, 118.4]","[array([26.17012148, 27.07752791, 27.98493433, 28.89234076, 29.79974719,
       30.06233995, 30.32493272, 30.58752549, 30.85011826, 31.75645047,
       32.66278267, 33.56911488, 34.47544709]), array([38.12400116, 40.35478367, 42.58556618, 44.81634869, 47.0471312 ,
       47.72352743, 48.39992365, 49.07631988, 49.75271611, 51.81690621,
       53.88109631, 55.94528641, 58.00947651]), array([67.85743063, 69.35743063, 70.85743063, 72.35743063, 73.85743063,
       75.35743063, 76.85743063, 78.35743063, 79.85743063, 81.35743063,
       82.85743063, 84.35743063, 85.85743063])]","[[18.148128509521484, 44.61565017700195, 30.0], [5.251855373382568, 13.527924537658691, 30.0], [18.126644134521484, 41.2838020324707, 30.0]]",30.0,28,1.0,8.22895589439427,train,48.92324826287554,9,"[1, 10, 1]",pre
"[121.4, 121.45, 121.5, 121.55000000000001, 121.60000000000001, 121.65, 121.70000000000002, 121.75000000000001, 121.80000000000001, 121.85000000000001, 121.9, 121.95, 122.0]","[array([41.88815277, 41.93053745, 41.97292213, 42.01530682, 42.0576915 ,
       46.74236893, 46.81984591, 46.89732288, 46.97479986, 51.2820426 ,
       51.36616113, 51.45027966, 51.53439818]), array([43.63086318, 44.17584013, 44.72081708, 45.26579403, 45.81077098,
       50.43983134, 50.97989496, 51.51995858, 52.0600222 , 55.2814118 ,
       55.82827827, 56.37514473, 56.9220112 ]), array([68.23688061, 69.73688061, 71.23688061, 72.73688061, 74.23688061,
       75.7787731 , 77.2787731 , 78.7787731 , 80.2787731 , 80.92787145,
       82.42787145, 83.92787145, 85.42787145])]","[[0.8476936221122742, 10.89953899383545, 30.0], [1.549539566040039, 10.80127239227295, 30.0], [1.6823705434799194, 10.937329292297363, 30.0]]",30.0,31,,8.149265076709016,test,6.07927266727973,9,"[1, 10, 1]",pre
"[165.60000000000002, 165.65000000000003, 165.70000000000002, 165.75, 165.8, 165.85000000000002, 165.9, 165.95, 166.0, 166.05, 166.10000000000002, 166.15, 166.20000000000002, 166.25, 166.3, 166.35000000000002, 166.4, 166.45000000000002, 166.5, 166.55, 166.60000000000002, 166.65000000000003, 166.70000000000002, 166.75, 166.8, 166.85000000000002, 166.9, 166.95, 167.0]","[array([56.98511179, 57.47582715, 57.96654251, 58.45725787, 58.94797324,
       58.65409702, 59.16205114, 59.67000526, 60.17795938, 61.35508372,
       61.8799411 , 62.40479848, 62.92965585, 63.35721948, 63.91563017,
       64.47404086, 65.03245156, 66.07735071, 66.6454381 , 67.21352549,
       67.78161287, 68.22324464, 68.83188865, 69.44053265, 70.04917666,
       69.69852279, 70.34971746, 71.00091212, 71.65210679]), array([ 79.08561295,  80.58561295,  82.08561295,  83.58561295,
        85.08561295,  82.54223763,  84.04223763,  85.54223763,
        87.04223763,  86.00681672,  87.50681672,  89.00681672,
        90.50681672,  89.52562108,  91.02562108,  92.52562108,
        94.02562108,  92.68335302,  94.18335302,  95.68335302,
        97.18335302,  96.66401839,  98.16401839,  99.66401839,
       101.16401839, 100.06525447, 101.56525447, 103.06525447,
       104.56525447])]","[[9.81430721282959, 30.0], [10.159082412719727, 30.0], [10.497147560119629, 30.0], [11.168213844299316, 30.0], [11.361747741699219, 30.0], [12.172880172729492, 30.0], [13.023893356323242, 30.0]]",30.0,15,,3.491391244875397,test,6.07927266727973,9,"[1, 10, 1]",pre
"[37.79999999999999, 37.849999999999994, 37.89999999999999, 37.94999999999999, 37.99999999999999, 38.04999999999999, 38.099999999999994, 38.14999999999999, 38.19999999999999, 38.249999999999986, 38.29999999999999, 38.349999999999994, 38.39999999999999, 38.44999999999999, 38.49999999999999, 38.55, 38.599999999999994, 38.64999999999999, 38.69999999999999, 38.74999999999999, 38.79999999999999, 38.849999999999994, 38.89999999999999, 38.94999999999999, 38.99999999999999]","[array([35.4797897 , 35.84235464, 36.20491959, 36.56748453, 36.93004948,
       40.13971745, 40.5279877 , 40.91625796, 41.30452822, 43.98121075,
       44.36372201, 44.74623327, 45.12874453, 48.98931677, 49.38780782,
       49.78629887, 50.18478992, 53.83288685, 54.23806101, 54.64323517,
       55.04840933, 59.06628298, 59.45201651, 59.83775004, 60.22348358]), array([51.68630857, 51.82405283, 51.96179709, 52.09954135, 52.23728561,
       57.25358184, 57.37084548, 57.48810912, 57.60537276, 60.87262571,
       61.02589466, 61.1791636 , 61.33243255, 66.58826383, 66.73162701,
       66.87499019, 67.01835337, 71.70436626, 71.81996208, 71.9355579 ,
       72.05115372, 76.0629388 , 76.17685254, 76.29076628, 76.40468001]), array([57.69116027, 59.19116027, 60.69116027, 62.19116027, 63.69116027,
       63.70077185, 65.20077185, 66.70077185, 68.20077185, 68.93197796,
       70.43197796, 71.93197796, 73.43197796, 74.20639311, 75.70639311,
       77.20639311, 78.70639311, 78.07632181, 79.57632181, 81.07632181,
       82.57632181, 82.35897676, 83.85897676, 85.35897676, 86.85897676])]","[[7.251298904418945, 2.754885196685791, 30.0], [7.765405178070068, 2.3452727794647217, 30.0], [7.6502251625061035, 3.0653789043426514, 30.0], [7.969820976257324, 2.8672635555267334, 30.0], [8.103483200073242, 2.3119163513183594, 30.0], [7.714670658111572, 2.2782747745513916, 30.0]]",30.0,26,,8.175453137264595,test,6.07927266727973,9,"[1, 10, 1]",pre
"[186.20000000000002, 186.25, 186.3, 186.35000000000002, 186.4, 186.45000000000002, 186.5, 186.55, 186.60000000000002, 186.65000000000003, 186.70000000000002, 186.75, 186.8, 186.85000000000002, 186.9, 186.95, 187.0, 187.05, 187.10000000000002, 187.15, 187.20000000000002, 187.25, 187.3, 187.35000000000002, 187.4, 187.45000000000002, 187.5, 187.55, 187.60000000000002, 187.65000000000003, 187.70000000000002, 187.75, 187.8, 187.85000000000002, 187.9, 187.95, 188.0, 188.05, 188.10000000000002, 188.15, 188.20000000000002, 188.25, 188.3, 188.35000000000002, 188.4, 188.45000000000002, 188.5, 188.55, 188.60000000000002, 188.65000000000003, 188.70000000000002, 188.75, 188.8, 188.85000000000002, 188.9, 188.95, 189.0, 189.05, 189.10000000000002, 189.15, 189.20000000000002, 189.25, 189.3, 189.35000000000002, 189.4]","[array([52.58457425, 52.97164403, 53.3587138 , 53.74578357, 54.13285335,
       53.29825112, 53.68416361, 54.0700761 , 54.45598859, 53.62485808,
       54.00961314, 54.3943682 , 54.77912327, 53.95146498, 54.33506257,
       54.71866016, 55.10225775, 54.27807172, 54.66051167, 55.04295162,
       55.42539157, 54.60467842, 54.98596067, 55.36724293, 55.74852519,
       54.93128492, 55.3114093 , 55.69153367, 56.07165805, 55.25789144,
       55.63685796, 56.01582449, 56.39479101, 55.58449773, 55.96230616,
       56.34011459, 56.71792301, 56.71706478, 57.07572913, 57.43439348,
       57.79305782, 59.85549175, 60.14997458, 60.44445741, 60.73894024,
       63.62062287, 63.83623392, 64.05184498, 64.26745603, 67.34577305,
       67.4834604 , 67.62114775, 67.7588351 , 70.20172956, 70.28204894,
       70.36236831, 70.44268769, 73.00749957, 73.02316447, 73.03882936,
       73.05449425, 74.06682908, 74.09932768, 74.13182629, 74.1643249 ]), array([69.91435886, 71.41435886, 72.91435886, 74.41435886, 75.91435886,
       71.68902364, 73.18902364, 74.68902364, 76.18902364, 71.96368841,
       73.46368841, 74.96368841, 76.46368841, 72.23835318, 73.73835318,
       75.23835318, 76.73835318, 72.51301796, 74.01301796, 75.51301796,
       77.01301796, 72.78768273, 74.28768273, 75.78768273, 77.28768273,
       73.06234751, 74.56234751, 76.06234751, 77.56234751, 73.33701228,
       74.83701228, 76.33701228, 77.83701228, 73.61167705, 75.11167705,
       76.61167705, 78.11167705, 73.88634183, 75.38634183, 76.88634183,
       78.38634183, 74.1610066 , 75.6610066 , 77.1610066 , 78.6610066 ,
       74.43567137, 75.93567137, 77.43567137, 78.93567137, 74.71033615,
       76.21033615, 77.71033615, 79.21033615, 74.98500092, 76.48500092,
       77.98500092, 79.48500092, 75.2596657 , 76.7596657 , 78.2596657 ,
       79.7596657 , 76.90051028, 78.40051028, 79.90051028, 81.40051028])]","[[7.741395473480225, 30.0], [7.718249797821045, 30.0], [7.695101261138916, 30.0], [7.671951770782471, 30.0], [7.648798942565918, 30.0], [7.625645160675049, 30.0], [7.602487564086914, 30.0], [7.5793304443359375, 30.0], [7.556168556213379, 30.0], [7.1732869148254395, 30.0], [5.8896565437316895, 30.0], [4.312221050262451, 30.0], [2.75374698638916, 30.0], [1.6063874959945679, 30.0], [0.3132978677749634, 30.0], [0.649972140789032, 30.0]]",30.0,17,,15.422231104170415,test,6.07927266727973,9,"[1, 10, 1]",pre
"[126.4, 126.45, 126.5, 126.55000000000001, 126.60000000000001, 126.65, 126.70000000000002, 126.75000000000001, 126.80000000000001, 126.85000000000001, 126.9, 126.95, 127.0]","[array([33.22520014, 33.88285743, 34.54051472, 35.19817201, 35.8558293 ,
       39.38562792, 40.06349567, 40.74136341, 41.41923116, 44.93080983,
       45.62695317, 46.32309652, 47.01923986]), array([63.04217416, 64.54217416, 66.04217416, 67.54217416, 69.04217416,
       70.96002921, 72.46002921, 73.96002921, 75.46002921, 77.33280342,
       78.83280342, 80.33280342, 81.83280342])]","[[13.153145790100098, 30.0], [13.557354927062988, 30.0], [13.922866821289062, 30.0]]",30.0,8,,3.1870578073378333,test,6.07927266727973,9,"[1, 10, 1]",pre
"[129.8, 129.85000000000002, 129.9, 129.95, 130.0, 130.05, 130.1, 130.14999999999998, 130.2, 130.25, 130.3, 130.35, 130.4, 130.45000000000002, 130.5, 130.55, 130.60000000000002, 130.65000000000003, 130.70000000000002, 130.75, 130.8, 130.85000000000002, 130.9, 130.95, 131.0]","[array([36.26758634, 36.5974219 , 36.92725746, 37.25709301, 37.58692857,
       41.60423184, 41.92256964, 42.24090744, 42.55924523, 46.03828885,
       46.3981635 , 46.75803816, 47.11791281, 50.09361666, 50.47682057,
       50.86002448, 51.2432284 , 54.74961787, 55.13349589, 55.51737391,
       55.90125192, 59.57359169, 59.95852275, 60.34345382, 60.72838488]), array([50.97781745, 52.47781745, 53.97781745, 55.47781745, 56.97781745,
       56.97170614, 58.47170614, 59.97170614, 61.47170614, 63.26175785,
       64.76175785, 66.26175785, 67.76175785, 68.36284086, 69.86284086,
       71.36284086, 72.86284086, 73.0490918 , 74.5490918 , 76.0490918 ,
       77.5490918 , 77.92032004, 79.42032004, 80.92032004, 82.42032004])]","[[6.596711158752441, 30.0], [6.366755962371826, 30.0], [7.197493076324463, 30.0], [7.664078235626221, 30.0], [7.677560329437256, 30.0], [7.6986212730407715, 30.0]]",30.0,9,,5.1127778228065734,test,6.07927266727973,9,"[1, 10, 1]",pre
"[195.0, 195.05, 195.10000000000002, 195.15, 195.20000000000002, 195.25, 195.3, 195.35000000000002, 195.4]","[array([49.51602589, 49.93134762, 50.34666935, 50.76199108, 51.17731281,
       53.0403548 , 53.50583122, 53.97130764, 54.43678405]), array([68.1434742 , 69.6434742 , 71.1434742 , 72.6434742 , 74.1434742 ,
       75.01142049, 76.51142049, 78.01142049, 79.51142049])]","[[8.306434631347656, 30.0], [9.309528350830078, 30.0]]",30.0,19,,1.3616453394410444,test,6.07927266727973,9,"[1, 10, 1]",pre
"[203.8, 203.85000000000002, 203.9, 203.95, 204.0, 204.05, 204.10000000000002, 204.15, 204.20000000000002, 204.25, 204.3, 204.35000000000002, 204.4, 204.45000000000002, 204.5, 204.55, 204.60000000000002, 204.65000000000003, 204.70000000000002, 204.75, 204.8, 204.85000000000002, 204.9, 204.95, 205.0, 205.05, 205.10000000000002, 205.15, 205.20000000000002, 205.25, 205.3, 205.35000000000002, 205.4, 205.45000000000002, 205.5, 205.55, 205.60000000000002, 205.65000000000003, 205.70000000000002, 205.75, 205.8, 205.85000000000002, 205.9, 205.95, 206.0, 206.05, 206.10000000000002, 206.15, 206.20000000000002]","[array([32.88744869, 32.88149997, 32.87555125, 32.86960253, 32.86365381,
       34.53123492, 34.58216706, 34.63309921, 34.68403135, 36.67429805,
       36.75258267, 36.83086729, 36.90915191, 38.32379721, 38.42573894,
       38.52768067, 38.62962239, 40.05940613, 40.20080751, 40.3422089 ,
       40.48361029, 41.86901326, 42.04488646, 42.22075965, 42.39663285,
       43.94264944, 44.14660788, 44.35056632, 44.55452476, 45.79491032,
       46.05052272, 46.30613512, 46.56174751, 47.76312235, 48.06680783,
       48.3704933 , 48.67417878, 49.86286353, 50.19411844, 50.52537335,
       50.85662827, 51.94190554, 52.3053435 , 52.66878146, 53.03221942,
       53.90370507, 54.32452359, 54.74534211, 55.16616063]), array([32.94001054, 34.44001054, 35.94001054, 37.44001054, 38.94001054,
       38.06531783, 39.56531783, 41.06531783, 42.56531783, 41.36739058,
       42.86739058, 44.36739058, 45.86739058, 44.07880042, 45.57880042,
       47.07880042, 48.57880042, 47.58995693, 49.08995693, 50.58995693,
       52.08995693, 50.93032349, 52.43032349, 53.93032349, 55.43032349,
       54.24375279, 55.74375279, 57.24375279, 58.74375279, 58.37663582,
       59.87663582, 61.37663582, 62.87663582, 62.47795087, 63.97795087,
       65.47795087, 66.97795087, 65.80662238, 67.30662238, 68.80662238,
       70.30662238, 69.32496174, 70.82496174, 72.32496174, 73.82496174,
       73.8630967 , 75.3630967 , 76.8630967 , 78.3630967 ])]","[[-0.11897438764572144, 30.0], [1.0186429023742676, 30.0], [1.56569242477417, 30.0], [2.038834571838379, 30.0], [2.8280277252197266, 30.0], [3.5174639225006104, 30.0], [4.079168796539307, 30.0], [5.112247943878174, 30.0], [6.073709487915039, 30.0], [6.62509822845459, 30.0], [7.268759250640869, 30.0], [8.416370391845703, 30.0]]",30.0,21,,3.2427032850360256,test,6.07927266727973,9,"[1, 10, 1]",pre
"[153.60000000000002, 153.65000000000003, 153.70000000000002, 153.75, 153.8, 153.85000000000002, 153.9, 153.95, 154.0]","[array([49.39668264, 49.87523703, 50.35379142, 50.83234582, 51.31090021,
       54.98096584, 55.46719717, 55.95342849, 56.43965982]), array([70.93621462, 72.43621462, 73.93621462, 75.43621462, 76.93621462,
       77.88836552, 79.38836552, 80.88836552, 82.38836552])]","[[9.571087837219238, 30.0], [9.724626541137695, 30.0]]",30.0,12,,5.022481944587296,test,6.07927266727973,9,"[1, 10, 1]",pre
"[15.39999999999999, 15.449999999999989, 15.49999999999999, 15.54999999999999, 15.599999999999989, 15.64999999999999, 15.699999999999989, 15.74999999999999, 15.79999999999999, 15.84999999999999, 15.89999999999999, 15.949999999999989, 15.99999999999999, 16.04999999999999, 16.099999999999987, 16.149999999999988, 16.19999999999999, 16.24999999999999, 16.29999999999999, 16.349999999999987, 16.399999999999988]","[array([37.61086844, 37.96572025, 38.32057207, 38.67542389, 39.03027571,
       44.1024002 , 44.44645347, 44.79050674, 45.13456001, 51.13594432,
       51.44711018, 51.75827604, 52.06944189, 56.45643349, 56.7827179 ,
       57.10900231, 57.43528672, 62.70327872, 63.02281774, 63.34235676,
       63.66189578]), array([53.46432872, 54.96432872, 56.46432872, 57.96432872, 59.46432872,
       60.61795998, 62.11795998, 63.61795998, 65.11795998, 66.18382288,
       67.68382288, 69.18382288, 70.68382288, 72.17833662, 73.67833662,
       75.17833662, 76.67833662, 78.12430927, 79.62430927, 81.12430927,
       82.62430927])]","[[7.097036361694336, 30.0], [6.881065368652344, 30.0], [6.2233171463012695, 30.0], [6.525688171386719, 30.0], [6.390780448913574, 30.0]]",30.0,0,,9.959436366602912,test,6.07927266727973,9,"[1, 10, 1]",pre
"[51.39999999999999, 51.44999999999999, 51.49999999999999, 51.55, 51.599999999999994, 51.64999999999999, 51.69999999999999, 51.74999999999999, 51.79999999999999, 51.849999999999994, 51.89999999999999, 51.94999999999999, 51.99999999999999]","[array([59.49657447, 59.59839973, 59.70022499, 59.80205025, 59.90387551,
       63.45502653, 63.61566895, 63.77631137, 63.93695379, 67.29941152,
       67.51313649, 67.72686146, 67.94058643]), array([63.84813801, 65.34813801, 66.84813801, 68.34813801, 69.84813801,
       71.84186179, 73.34186179, 74.84186179, 76.34186179, 78.03126895,
       79.53126895, 81.03126895, 82.53126895])]","[[2.0365052223205566, 30.0], [3.212848424911499, 30.0], [4.274499416351318, 30.0]]",30.0,4,,3.94381789418385,test,6.07927266727973,9,"[1, 10, 1]",pre
"[172.60000000000002, 172.65000000000003, 172.70000000000002, 172.75, 172.8, 172.85000000000002, 172.9, 172.95, 173.0, 173.05, 173.10000000000002, 173.15, 173.20000000000002, 173.25, 173.3, 173.35000000000002, 173.4, 173.45000000000002, 173.5, 173.55, 173.60000000000002, 173.65000000000003, 173.70000000000002, 173.75, 173.8, 173.85000000000002, 173.9, 173.95, 174.0, 174.05, 174.10000000000002, 174.15, 174.20000000000002, 174.25, 174.3, 174.35000000000002, 174.4, 174.45000000000002, 174.5, 174.55, 174.60000000000002, 174.65000000000003, 174.70000000000002, 174.75, 174.8, 174.85000000000002, 174.9, 174.95, 175.0, 175.05, 175.10000000000002, 175.15, 175.20000000000002, 175.25, 175.3, 175.35000000000002, 175.4, 175.45000000000002, 175.5, 175.55, 175.60000000000002, 175.65000000000003, 175.70000000000002, 175.75, 175.8, 175.85000000000002, 175.9, 175.95, 176.0, 176.05, 176.10000000000002, 176.15, 176.20000000000002]","[array([33.54793054, 33.96698891, 34.38604728, 34.80510565, 35.22416402,
       35.4840983 , 35.90623199, 36.32836567, 36.75049936, 36.5414919 ,
       36.97759391, 37.41369592, 37.84979792, 38.72309409, 39.14784022,
       39.57258635, 39.99733248, 39.60076748, 40.031662  , 40.46255652,
       40.89345104, 41.11514902, 41.53517857, 41.95520811, 42.37523766,
       42.38198818, 42.80451559, 43.227043  , 43.64957041, 44.97287135,
       45.37041599, 45.76796064, 46.16550529, 48.29300232, 48.64923935,
       49.00547638, 49.36171341, 51.95129258, 52.25360238, 52.55591218,
       52.85822198, 56.03427355, 56.27147342, 56.5086733 , 56.74587318,
       59.91890162, 60.09015895, 60.26141628, 60.43267361, 62.98508508,
       63.10816194, 63.23123879, 63.35431565, 66.45601105, 66.52196798,
       66.58792491, 66.65388184, 70.05191676, 70.07342905, 70.09494134,
       70.11645363, 71.04767287, 71.14681925, 71.24596563, 71.345112  ,
       72.02949768, 72.17714336, 72.32478905, 72.47243474, 73.02829048,
       73.23760261, 73.44691474, 73.65622687]), array([52.34719283, 53.84719283, 55.34719283, 56.84719283, 58.34719283,
       55.502661  , 57.002661  , 58.502661  , 60.002661  , 57.18881865,
       58.68881865, 60.18881865, 61.68881865, 58.85921721, 60.35921721,
       61.85921721, 63.35921721, 60.01363012, 61.51363012, 63.01363012,
       64.51363012, 61.03904662, 62.53904662, 64.03904662, 65.53904662,
       62.41826811, 63.91826811, 65.41826811, 66.91826811, 63.88594085,
       65.38594085, 66.88594085, 68.38594085, 65.35361358, 66.85361358,
       68.35361358, 69.85361358, 66.60490518, 68.10490518, 69.60490518,
       71.10490518, 67.8021015 , 69.3021015 , 70.8021015 , 72.3021015 ,
       68.77603839, 70.27603839, 71.77603839, 73.27603839, 69.69416041,
       71.19416041, 72.69416041, 74.19416041, 70.61228244, 72.11228244,
       73.61228244, 75.11228244, 72.500693  , 74.000693  , 75.500693  ,
       77.000693  , 76.6763359 , 78.1763359 , 79.6763359 , 81.1763359 ,
       79.83857323, 81.33857323, 82.83857323, 84.33857323, 83.56551605,
       85.06551605, 86.56551605, 88.06551605])]","[[8.3811674118042, 30.0], [8.442673683166504, 30.0], [8.722040176391602, 30.0], [8.494922637939453, 30.0], [8.617890357971191, 30.0], [8.400590896606445, 30.0], [8.45054817199707, 30.0], [7.950892925262451, 30.0], [7.1247406005859375, 30.0], [6.046195983886719, 30.0], [4.743997573852539, 30.0], [3.4251465797424316, 30.0], [2.4615371227264404, 30.0], [1.3191386461257935, 30.0], [0.4302458167076111, 30.0], [1.9829275608062744, 30.0], [2.952913761138916, 30.0], [4.186242580413818, 30.0]]",30.0,16,,10.024969186463418,test,6.07927266727973,9,"[1, 10, 1]",pre
"[57.79999999999999, 57.849999999999994, 57.89999999999999, 57.94999999999999, 57.99999999999999, 58.04999999999999, 58.099999999999994, 58.14999999999999, 58.19999999999999]","[array([12.49886685, 13.61269399, 14.72652112, 15.84034825, 16.95417538,
       18.19098468, 19.28428207, 20.37757945, 21.47087684]), array([63.4408187 , 64.9408187 , 66.4408187 , 67.9408187 , 69.4408187 ,
       68.58861614, 70.08861614, 71.58861614, 73.08861614])]","[[22.27654266357422, 30.0], [21.865947723388672, 30.0]]",30.0,5,,1.045035091742911,test,6.07927266727973,9,"[1, 10, 1]",pre
"[155.4, 155.45000000000002, 155.5, 155.55, 155.60000000000002, 155.65000000000003, 155.70000000000002, 155.75, 155.8, 155.85000000000002, 155.9, 155.95, 156.0, 156.05, 156.1, 156.14999999999998, 156.2, 156.25, 156.3, 156.35, 156.4]","[array([29.20790182, 29.76494442, 30.32198702, 30.87902962, 31.43607222,
       35.60336731, 36.14753035, 36.69169338, 37.23585642, 41.04225333,
       41.57047255, 42.09869178, 42.626911  , 47.21707633, 47.72612184,
       48.23516734, 48.74421285, 53.58471427, 54.06162982, 54.53854537,
       55.01546092]), array([54.37149008, 55.87149008, 57.37149008, 58.87149008, 60.37149008,
       61.12761562, 62.62761562, 64.12761562, 65.62761562, 65.8458941 ,
       67.3458941 , 68.8458941 , 70.3458941 , 71.15450987, 72.65450987,
       74.15450987, 75.65450987, 76.07175193, 77.57175193, 79.07175193,
       80.57175193])]","[[11.140851974487305, 30.0], [10.883260726928711, 30.0], [10.564384460449219, 30.0], [10.180910110473633, 30.0], [9.538311004638672, 30.0]]",30.0,13,,7.107173240375789,test,6.07927266727973,9,"[1, 10, 1]",pre
"[143.60000000000002, 143.65000000000003, 143.70000000000002, 143.75, 143.8, 143.85000000000002, 143.9, 143.95, 144.0]","[array([55.41647812, 55.64896764, 55.88145715, 56.11394667, 56.34643618,
       60.06008612, 60.30479022, 60.54949432, 60.79419843]), array([65.70880032, 67.20880032, 68.70880032, 70.20880032, 71.70880032,
       72.15945148, 73.65945148, 75.15945148, 76.65945148])]","[[4.649790287017822, 30.0], [4.894082069396973, 30.0]]",30.0,11,,7.316931399750737,test,6.07927266727973,9,"[1, 10, 1]",pre
"[5.399999999999989, 5.449999999999989, 5.499999999999989, 5.549999999999989, 5.599999999999989, 5.649999999999989, 5.699999999999989, 5.749999999999989, 5.799999999999989, 5.849999999999989, 5.89999999999999, 5.9499999999999895, 5.999999999999989]","[array([39.34308525, 39.8755291 , 40.40797296, 40.94041682, 41.47286068,
       43.43262766, 44.02965978, 44.6266919 , 45.22372402, 49.02271964,
       49.63112108, 50.23952252, 50.84792396]), array([63.37008187, 63.42870118, 63.4873205 , 63.54593981, 63.60455913,
       69.90678403, 69.96559374, 70.02440345, 70.08321316, 75.98593516,
       76.01935516, 76.05277517, 76.08619518]), array([65.77588481, 67.27588481, 68.77588481, 70.27588481, 71.77588481,
       73.76186853, 75.26186853, 76.76186853, 78.26186853, 78.8529341 ,
       80.3529341 , 81.8529341 , 83.3529341 ])]","[[10.648877143859863, 1.1723862886428833, 30.0], [11.940642356872559, 1.176194190979004, 30.0], [12.168028831481934, 0.6684001684188843, 30.0]]",30.0,24,,10.582793116554948,test,6.07927266727973,9,"[1, 10, 1]",pre
"[19.79999999999999, 19.84999999999999, 19.89999999999999, 19.94999999999999, 19.99999999999999, 20.04999999999999, 20.099999999999987, 20.149999999999988, 20.19999999999999]","[array([53.28707373, 53.64313338, 53.99919303, 54.35525267, 54.71131232,
       60.38020728, 60.76511369, 61.1500201 , 61.53492651]), array([69.19580469, 70.69580469, 72.19580469, 73.69580469, 75.19580469,
       78.72582968, 80.22582968, 81.72582968, 83.22582968])]","[[7.121192932128906, 30.0], [7.6981282234191895, 30.0]]",30.0,1,,9.599041598980316,test,6.07927266727973,9,"[1, 10, 1]",pre
"[30.79999999999999, 30.84999999999999, 30.89999999999999, 30.94999999999999, 30.99999999999999, 31.04999999999999, 31.099999999999987, 31.149999999999988, 31.19999999999999]","[array([31.02153481, 31.83373488, 32.64593495, 33.45813502, 34.27033508,
       36.55316244, 37.40851465, 38.26386686, 39.11921907]), array([67.99286825, 69.49286825, 70.99286825, 72.49286825, 73.99286825,
       76.16748112, 77.66748112, 79.16748112, 80.66748112])]","[[16.244001388549805, 30.0], [17.107044219970703, 30.0]]",30.0,2,,0.5794927910491566,test,6.07927266727973,9,"[1, 10, 1]",pre
"[119.2, 119.25, 119.30000000000001, 119.35000000000001, 119.4, 119.45, 119.5, 119.55000000000001, 119.60000000000001]","[array([43.36125039, 43.74047183, 44.11969327, 44.49891471, 44.87813615,
       48.37837763, 48.7546165 , 49.13085537, 49.50709425]), array([60.33103052, 60.67305444, 61.01507836, 61.35710229, 61.69912621,
       65.19722046, 65.55927486, 65.92132925, 66.28338365]), array([75.59789827, 77.09789827, 78.59789827, 80.09789827, 81.59789827,
       82.5183063 , 84.0183063 , 85.5183063 , 87.0183063 ])]","[[7.584428787231445, 6.840478420257568, 30.0], [7.524777412414551, 7.241087913513184, 30.0]]",30.0,29,,5.698331949287511,test,6.07927266727973,9,"[1, 10, 1]",pre
"[36.59999999999999, 36.64999999999999, 36.69999999999999, 36.749999999999986, 36.79999999999999, 36.849999999999994, 36.89999999999999, 36.94999999999999, 36.99999999999999, 37.04999999999999, 37.099999999999994, 37.14999999999999, 37.19999999999999, 37.249999999999986, 37.29999999999999, 37.349999999999994, 37.39999999999999, 37.44999999999999, 37.499999999999986, 37.54999999999999, 37.59999999999999]","[array([27.99988964, 28.44102953, 28.88216942, 29.32330931, 29.7644492 ,
       33.03973528, 33.50368139, 33.96762749, 34.4315736 , 38.03166156,
       38.55569435, 39.07972713, 39.60375991, 43.85197946, 44.3593846 ,
       44.86678974, 45.37419488, 49.33702945, 49.82944107, 50.32185268,
       50.81426429]), array([47.81525144, 49.31525144, 50.81525144, 52.31525144, 53.81525144,
       54.94179594, 56.44179594, 57.94179594, 59.44179594, 62.64613439,
       64.14613439, 65.64613439, 67.14613439, 67.71532736, 69.21532736,
       70.71532736, 72.21532736, 72.52338429, 74.02338429, 75.52338429,
       77.02338429])]","[[8.822797775268555, 30.0], [9.278922080993652, 30.0], [10.480655670166016, 30.0], [10.148102760314941, 30.0], [9.84823226928711, 30.0]]",30.0,3,,4.601540489435882,test,6.07927266727973,9,"[1, 10, 1]",pre
"[44.39999999999999, 44.44999999999999, 44.49999999999999, 44.55, 44.599999999999994, 44.64999999999999, 44.69999999999999, 44.74999999999999, 44.79999999999999]","[array([36.53253205, 36.80747337, 37.0824147 , 37.35735602, 37.63229735,
       41.79020499, 42.05627025, 42.32233552, 42.58840078]), array([48.74536607, 49.29730323, 49.84924038, 50.40117753, 50.95311468,
       53.87064399, 54.4065926 , 54.94254121, 55.47848982]), array([73.67300816, 75.17300816, 76.67300816, 78.17300816, 79.67300816,
       79.02359461, 80.52359461, 82.02359461, 83.52359461])]","[[5.498826503753662, 11.038743019104004, 30.0], [5.321305274963379, 10.718972206115723, 30.0]]",30.0,27,,6.85157569698283,test,6.07927266727973,9,"[1, 10, 1]",pre
"[225.20000000000002, 225.25, 225.3, 225.35000000000002, 225.4, 225.45000000000002, 225.5, 225.55, 225.60000000000002, 225.65000000000003, 225.70000000000002, 225.75, 225.8, 225.85000000000002, 225.9, 225.95, 226.0]","[array([45.95198294, 46.33030001, 46.70861708, 47.08693415, 47.46525122,
       48.44068793, 48.88178553, 49.32288312, 49.76398071, 51.52477142,
       52.01314685, 52.50152227, 52.9898977 , 56.4682903 , 56.9490392 ,
       57.42978809, 57.91053698]), array([62.88029266, 64.38029266, 65.88029266, 67.38029266, 68.88029266,
       69.3130022 , 70.8130022 , 72.3130022 , 73.8130022 , 74.52894119,
       76.02894119, 77.52894119, 79.02894119, 79.12828712, 80.62828712,
       82.12828712, 83.62828712])]","[[7.566341400146484, 30.0], [8.821951866149902, 30.0], [9.767508506774902, 30.0], [9.614977836608887, 30.0]]",30.0,23,,2.8225748899928167,test,6.07927266727973,9,"[1, 10, 1]",pre
"[120.2, 120.25, 120.30000000000001, 120.35000000000001, 120.4, 120.45, 120.5, 120.55000000000001, 120.60000000000001]","[array([12.48364847, 13.01539257, 13.54713667, 14.07888077, 14.61062487,
       19.09280562, 19.60587258, 20.11893954, 20.6320065 ]), array([36.47832387, 37.19526089, 37.9121979 , 38.62913492, 39.34607194,
       42.42581652, 43.13975714, 43.85369776, 44.56763838]), array([69.03897263, 70.53897263, 72.03897263, 73.53897263, 75.03897263,
       75.63381783, 77.13381783, 78.63381783, 80.13381783])]","[[10.634881973266602, 14.338740348815918, 30.0], [10.26133918762207, 14.278812408447266, 30.0]]",30.0,30,,4.125997644271804,test,6.07927266727973,9,"[1, 10, 1]",pre
"[219.8, 219.85000000000002, 219.9, 219.95, 220.0, 220.05, 220.10000000000002, 220.15, 220.20000000000002]","[array([56.49228011, 56.79047471, 57.08866931, 57.38686391, 57.68505851,
       59.96394677, 60.3188704 , 60.67379403, 61.02871766]), array([69.76102459, 71.26102459, 72.76102459, 74.26102459, 75.76102459,
       76.96577031, 78.46577031, 79.96577031, 81.46577031])]","[[5.963891983032227, 30.0], [7.098472595214844, 30.0]]",30.0,22,,0.9608099888239633,test,6.07927266727973,9,"[1, 10, 1]",pre
"[191.20000000000002, 191.25, 191.3, 191.35000000000002, 191.4, 191.45000000000002, 191.5, 191.55, 191.60000000000002, 191.65000000000003, 191.70000000000002, 191.75, 191.8, 191.85000000000002, 191.9, 191.95, 192.0, 192.05, 192.10000000000002, 192.15, 192.20000000000002]","[array([64.86242885, 65.19845382, 65.5344788 , 65.87050378, 66.20652875,
       67.15568198, 67.48645424, 67.81722649, 68.14799875, 68.76007452,
       69.09349554, 69.42691655, 69.76033757, 70.46000995, 70.79393968,
       71.1278694 , 71.46179913, 72.55315322, 72.89006781, 73.2269824 ,
       73.56389699]), array([79.85523675, 81.35523675, 82.85523675, 84.35523675, 85.85523675,
       83.07789415, 84.57789415, 86.07789415, 87.57789415, 84.80055156,
       86.30055156, 87.80055156, 89.30055156, 86.52320896, 88.02320896,
       89.52320896, 91.02320896, 88.74967519, 90.24967519, 91.74967519,
       93.24967519])]","[[6.720499515533447, 30.0], [6.615445137023926, 30.0], [6.668420314788818, 30.0], [6.678594589233398, 30.0], [6.7382917404174805, 30.0]]",30.0,18,,7.076928593906293,test,6.07927266727973,9,"[1, 10, 1]",pre
"[20.79999999999999, 20.84999999999999, 20.89999999999999, 20.94999999999999, 20.99999999999999, 21.04999999999999, 21.099999999999987, 21.149999999999988, 21.19999999999999]","[array([40.30266768, 40.34726394, 40.39186019, 40.43645645, 40.4810527 ,
       46.13766693, 46.16888968, 46.20011242, 46.23133517]), array([42.13244704, 42.72472557, 43.3170041 , 43.90928262, 44.50156115,
       48.0363449 , 48.64719742, 49.25804995, 49.86890248]), array([68.92500265, 70.42500265, 71.92500265, 73.42500265, 74.92500265,
       76.57705858, 78.07705858, 79.57705858, 81.07705858])]","[[0.8919250965118408, 11.84557056427002, 30.0], [0.624454915523529, 12.217050552368164, 30.0]]",30.0,25,,9.311473065938511,test,6.07927266727973,9,"[1, 10, 1]",pre
"[82.39999999999999, 82.44999999999999, 82.5, 82.55, 82.6, 82.64999999999999, 82.69999999999999, 82.75, 82.8, 82.85, 82.9, 82.95, 83.0, 83.05, 83.1, 83.14999999999999, 83.19999999999999, 83.24999999999999, 83.29999999999998, 83.35, 83.39999999999999, 83.44999999999999, 83.5, 83.55, 83.6, 83.64999999999999, 83.69999999999999, 83.75, 83.8, 83.85, 83.9, 83.95, 84.0]","[array([ 6.07890997,  6.55400992,  7.02910986,  7.50420981,  7.97930975,
       12.79589231, 13.2988962 , 13.80190008, 14.30490396, 18.79184832,
       19.32519931, 19.8585503 , 20.39190129, 26.28287877, 26.78906125,
       27.29524373, 27.80142621, 32.38638739, 32.88606438, 33.38574137,
       33.88541836, 38.20288893, 38.71938487, 39.23588082, 39.75237676,
       45.33104975, 45.84102589, 46.35100204, 46.86097819, 52.18761706,
       52.71543202, 53.24324698, 53.77106194]), array([27.45913823, 28.95913823, 30.45913823, 31.95913823, 33.45913823,
       36.46048406, 37.96048406, 39.46048406, 40.96048406, 43.82740037,
       45.32740037, 46.82740037, 48.32740037, 50.09100777, 51.59100777,
       53.09100777, 54.59100777, 55.90075496, 57.40075496, 58.90075496,
       60.40075496, 62.47685556, 63.97685556, 65.47685556, 66.97685556,
       69.31051897, 70.81051897, 72.31051897, 73.81051897, 76.97299026,
       78.47299026, 79.97299026, 81.47299026])]","[[9.501998901367188, 30.0], [10.060077667236328, 30.0], [10.667019844055176, 30.0], [10.123649597167969, 30.0], [9.993539810180664, 30.0], [10.32991886138916, 30.0], [10.199522972106934, 30.0], [10.556299209594727, 30.0]]",30.0,6,,9.367432249980848,test,6.07927266727973,9,"[1, 10, 1]",pre
