t_list,x_list,v_list,v0_scn,v0_scn_mean,n_scn,N. file,iter,DOE,processed
"[36.44, 36.489999999999995, 36.54, 36.59, 36.64, 36.69, 36.74, 36.790000000000006, 36.84, 36.89, 36.94, 36.99, 37.04]","[array([30.03133363, 30.10117179, 30.17100995, 30.24084811, 30.31068627,
       30.36289217, 30.41509806, 30.46730396, 30.51950985, 30.54095623,
       30.56240261, 30.58384899, 30.60529536]), array([35.18261507, 35.73777964, 36.29294422, 36.84810879, 37.40327337,
       38.0662627 , 38.72925203, 39.39224136, 40.05523069, 40.78028   ,
       41.5053293 , 42.23037861, 42.95542791]), array([69.58134328, 70.99990864, 72.418474  , 73.83703936, 75.25560472,
       76.67417009, 78.09273545, 79.51130081, 80.92986617, 82.34843153,
       83.7669969 , 85.18556226, 86.60412762])]","[[1.3967632055282593, 11.103291511535645, 28.37130723735621], [1.0441179275512695, 13.259786605834961, 28.37130723735621], [0.42892754077911377, 14.500986099243164, 28.37130723735621]]","[30, 29.571893178561087, 29.1580565845035, 28.758014543581154, 28.37130723735621]",29.17185430880039,0,8,5,"[1, 2, 1]",post
"[50.24, 50.290000000000006, 50.34, 50.39, 50.440000000000005, 50.49, 50.540000000000006, 50.59, 50.64, 50.69, 50.74, 50.790000000000006, 50.84, 50.89, 50.94, 50.99, 51.04]","[array([37.29949592, 37.42283054, 37.54616516, 37.66949979, 37.79283441,
       37.91550951, 38.0381846 , 38.1608597 , 38.2835348 , 38.41726056,
       38.55098632, 38.68471208, 38.81843785, 38.95258462, 39.08673139,
       39.22087817, 39.35502494]), array([43.13368486, 43.7779229 , 44.42216094, 45.06639898, 45.71063703,
       46.41037286, 47.11010869, 47.80984452, 48.50958036, 49.32043746,
       50.13129457, 50.94215167, 51.75300878, 52.65492604, 53.55684331,
       54.45876058, 55.36067784]), array([70.19815867, 71.69915835, 73.20015803, 74.7011577 , 76.20215738,
       77.70315706, 79.20415674, 80.70515641, 82.20615609, 83.70715577,
       85.20815545, 86.70915513, 88.2101548 , 89.71115448, 91.21215416,
       92.71315384, 94.21415351])]","[[2.4666924476623535, 12.884760856628418, 30.019993553491638], [2.4535019397735596, 13.99471664428711, 30.019993553491638], [2.6745152473449707, 16.21714210510254, 30.019993553491638], [2.6829354763031006, 18.038345336914062, 30.019993553491638]]","[30, 30.005255366040114, 30.010335553212233, 30.015246400811936, 30.019993553491638]",30.010166174711184,1,8,5,"[1, 2, 1]",post
"[102.24000000000001, 102.29, 102.34, 102.39000000000001, 102.44000000000001, 102.49000000000001, 102.54000000000002, 102.59000000000002, 102.64000000000001, 102.69000000000001, 102.74000000000001, 102.79000000000002, 102.84000000000002, 102.89000000000001, 102.94000000000001, 102.99000000000001, 103.04]","[array([44.34172903, 44.96709095, 45.59245286, 46.21781478, 46.8431767 ,
       47.44198595, 48.04079519, 48.63960443, 49.23841367, 49.62284174,
       50.00726982, 50.39169789, 50.77612596, 51.18561831, 51.59511066,
       52.00460301, 52.41409536]), array([53.47732555, 54.23039495, 54.98346435, 55.73653375, 56.48960315,
       57.72726261, 58.96492206, 60.20258152, 61.44024097, 62.73845531,
       64.03666965, 65.33488399, 66.63309833, 68.03242275, 69.43174717,
       70.83107158, 72.230396  ]), array([64.39488833, 65.90343742, 67.41198651, 68.9205356 , 70.42908468,
       71.93763377, 73.44618286, 74.95473194, 76.46328103, 77.97183012,
       79.48037921, 80.98892829, 82.49747738, 84.00602647, 85.51457555,
       87.02312464, 88.53167373])]","[[12.507238388061523, 15.06138801574707, 30.170981741315355], [11.976184844970703, 24.753189086914062, 30.170981741315355], [7.68856143951416, 25.96428680419922, 30.170981741315355], [8.189846992492676, 27.986488342285156, 30.170981741315355]]","[30, 30.044943068132586, 30.08838803399414, 30.130384834326964, 30.170981741315355]",30.086939535553807,2,8,5,"[1, 2, 1]",post
"[108.84000000000002, 108.89000000000001, 108.94000000000001, 108.99000000000001, 109.04, 109.09, 109.14000000000001, 109.19000000000001, 109.24000000000001, 109.29, 109.34, 109.39000000000001, 109.44000000000001]","[array([54.84994721, 55.1399698 , 55.42999239, 55.72001498, 56.01003756,
       56.44982633, 56.8896151 , 57.32940388, 57.76919265, 58.35829096,
       58.94738927, 59.53648758, 60.12558589]), array([58.56445969, 59.69130095, 60.81814221, 61.94498347, 63.07182473,
       64.11663407, 65.16144341, 66.20625275, 67.25106209, 68.20540961,
       69.15975712, 70.11410464, 71.06845215]), array([72.09558373, 73.53565807, 74.9757324 , 76.41580674, 77.85588107,
       79.29595541, 80.73602974, 82.17610408, 83.61617842, 85.05625275,
       86.49632709, 87.93640142, 89.37647576])]","[[5.800451755523682, 22.53682518005371, 28.80148671565251], [8.795775413513184, 20.89618682861328, 28.80148671565251], [11.781966209411621, 19.086950302124023, 28.80148671565251]]","[30, 29.68496715624782, 29.380435407287347, 29.086054716625576, 28.80148671565251]",29.39058879916265,3,8,5,"[1, 2, 1]",post
"[130.04, 130.09, 130.14, 130.19, 130.24, 130.29000000000002, 130.34, 130.39, 130.44]","[array([33.52257836, 35.32489026, 37.12720216, 38.92951406, 40.73182595,
       42.45665048, 44.181475  , 45.90629953, 47.63112405]), array([70.299416  , 70.61800176, 70.93658751, 71.25517326, 71.57375902,
       72.05862859, 72.54349817, 73.02836774, 73.51323732]), array([77.15612947, 78.72622963, 80.29632978, 81.86642994, 83.43653009,
       85.00663025, 86.5767304 , 88.14683056, 89.71693072])]","[[36.04623794555664, 6.371715068817139, 31.402003109408923], [34.496490478515625, 9.697391510009766, 31.402003109408923]]","[30, 30.368520760074006, 30.724757494812255, 31.069119671725797, 31.402003109408923]",30.712880207204194,4,8,5,"[1, 2, 1]",post
"[215.24, 215.29000000000002, 215.34, 215.39, 215.44, 215.49, 215.54000000000002, 215.59, 215.64000000000001, 215.69, 215.74, 215.79000000000002, 215.84, 215.89, 215.94, 215.99, 216.04, 216.09, 216.14, 216.19, 216.24]","[array([34.8964952 , 35.02254854, 35.14860187, 35.2746552 , 35.40070854,
       35.56667924, 35.73264995, 35.89862066, 36.06459136, 36.17618375,
       36.28777614, 36.39936853, 36.51096092, 36.55298031, 36.5949997 ,
       36.6370191 , 36.67903849, 36.77349894, 36.86795938, 36.96241983,
       37.05688028]), array([38.09751878, 39.10124354, 40.10496831, 41.10869308, 42.11241784,
       42.96292081, 43.81342378, 44.66392675, 45.51442971, 46.37765031,
       47.24087091, 48.1040915 , 48.9673121 , 49.91420188, 50.86109166,
       51.80798144, 52.75487123, 53.68223157, 54.60959191, 55.53695226,
       56.4643126 ]), array([61.94269876, 63.34822701, 64.75375526, 66.15928351, 67.56481176,
       68.97034002, 70.37586827, 71.78139652, 73.18692477, 74.59245302,
       75.99798127, 77.40350952, 78.80903777, 80.21456602, 81.62009428,
       83.02562253, 84.43115078, 85.83667903, 87.24220728, 88.64773553,
       90.05326378])]","[[2.521066665649414, 20.074495315551758, 28.11056502130223], [3.3194141387939453, 17.010059356689453, 28.11056502130223], [2.2318477630615234, 17.26441192626953, 28.11056502130223], [0.8403878808021545, 18.937795639038086, 28.11056502130223], [1.8892089128494263, 18.54720687866211, 28.11056502130223]]","[30, 29.503356298008736, 29.02326738608384, 28.559181437889777, 28.11056502130223]",29.039274028656916,5,8,5,"[1, 2, 1]",post
"[222.64000000000001, 222.69, 222.74, 222.79000000000002, 222.84, 222.89, 222.94, 222.99, 223.04, 223.09, 223.14, 223.19, 223.24, 223.29000000000002, 223.34, 223.39, 223.44]","[array([44.44424043, 44.47765928, 44.51107812, 44.54449697, 44.57791582,
       44.62773264, 44.67754947, 44.72736629, 44.77718312, 44.87244162,
       44.96770013, 45.06295863, 45.15821714, 45.31080704, 45.46339695,
       45.61598685, 45.76857676]), array([44.85797744, 45.93814941, 47.01832138, 48.09849334, 49.17866531,
       50.27855907, 51.37845283, 52.47834659, 53.57824035, 54.69675422,
       55.81526809, 56.93378196, 58.05229583, 59.18560234, 60.31890884,
       61.45221534, 62.58552185]), array([75.50795893, 76.89654392, 78.28512892, 79.67371391, 81.06229891,
       82.4508839 , 83.8394689 , 85.22805389, 86.61663889, 88.00522389,
       89.39380888, 90.78239388, 92.17097887, 93.55956387, 94.94814886,
       96.33673386, 97.72531885])]","[[0.6683769226074219, 21.603439331054688, 27.771699908947905], [0.9963365197181702, 21.997875213623047, 27.771699908947905], [1.9051700830459595, 22.370277404785156, 27.771699908947905], [3.051798105239868, 22.66613006591797, 27.771699908947905]]","[30, 29.414284577746958, 28.848093002902345, 28.300774480552626, 27.771699908947905]",28.866970394029966,6,8,5,"[1, 2, 1]",post
"[225.24, 225.29000000000002, 225.34, 225.39, 225.44, 225.49, 225.54000000000002, 225.59, 225.64000000000001, 225.69, 225.74, 225.79000000000002, 225.84, 225.89, 225.94, 225.99, 226.04, 226.09, 226.14, 226.19, 226.24]","[array([35.10710391, 35.37224504, 35.63738617, 35.9025273 , 36.16766842,
       36.37828494, 36.58890146, 36.79951798, 37.01013449, 37.17474701,
       37.33935953, 37.50397205, 37.66858457, 37.78929824, 37.9100119 ,
       38.03072556, 38.15143922, 38.2247255 , 38.29801178, 38.37129806,
       38.44458433]), array([48.35795769, 48.81581678, 49.27367586, 49.73153495, 50.18939404,
       50.65433602, 51.11927799, 51.58421997, 52.04916195, 52.53025035,
       53.01133875, 53.49242715, 53.97351555, 54.46982536, 54.96613516,
       55.46244497, 55.95875477, 56.50015215, 57.04154953, 57.58294691,
       58.12434429]), array([71.01349684, 72.40661635, 73.79973585, 75.19285535, 76.58597485,
       77.97909436, 79.37221386, 80.76533336, 82.15845286, 83.55157236,
       84.94469187, 86.33781137, 87.73093087, 89.12405037, 90.51716988,
       91.91028938, 93.30340888, 94.69652838, 96.08964788, 97.48276739,
       98.87588689])]","[[5.302822589874268, 9.157181739807129, 27.862390045847757], [4.212330341339111, 9.298839569091797, 27.862390045847757], [3.292250394821167, 9.6217679977417, 27.862390045847757], [2.414273262023926, 9.926196098327637, 27.862390045847757], [1.4657255411148071, 10.827947616577148, 27.862390045847757]]","[30, 29.438122754679185, 28.89497475086909, 28.36993168051923, 27.862390045847757]",28.913083846383053,7,8,5,"[1, 2, 1]",post
"[227.04, 227.09, 227.14, 227.19, 227.24, 227.29000000000002, 227.34, 227.39, 227.44, 227.49, 227.54000000000002, 227.59, 227.64000000000001, 227.69, 227.74, 227.79000000000002, 227.84]","[array([50.78102094, 50.87789218, 50.97476342, 51.07163465, 51.16850589,
       51.31993588, 51.47136587, 51.62279585, 51.77422584, 51.9638299 ,
       52.15343395, 52.34303801, 52.53264206, 52.75685218, 52.9810623 ,
       53.20527242, 53.42948254]), array([54.80184732, 55.16046636, 55.51908541, 55.87770446, 56.2363235 ,
       56.65729065, 57.0782578 , 57.49922495, 57.9201921 , 58.41288891,
       58.90558572, 59.39828253, 59.89097934, 60.36712704, 60.84327474,
       61.31942244, 61.79557014]), array([70.40541809, 71.88159714, 73.3577762 , 74.83395525, 76.3101343 ,
       77.78631336, 79.26249241, 80.73867147, 82.21485052, 83.69102957,
       85.16720863, 86.64338768, 88.11956673, 89.59574579, 91.07192484,
       92.54810389, 94.02428295])]","[[1.9374247789382935, 7.1723809242248535, 29.523581072701464], [3.028599739074707, 8.419342994689941, 29.523581072701464], [3.792081117630005, 9.853936195373535, 29.523581072701464], [4.4842023849487305, 9.522953987121582, 29.523581072701464]]","[30, 29.87477184321244, 29.753717958317754, 29.63669920291964, 29.523581072701464]",29.757754015430258,8,8,5,"[1, 2, 1]",post
"[237.64000000000001, 237.69, 237.74, 237.79000000000002, 237.84, 237.89, 237.94, 237.99, 238.04]","[array([34.19418497, 34.92026891, 35.64635286, 36.37243681, 37.09852075,
       37.78773679, 38.47695284, 39.16616888, 39.85538492]), array([59.35351445, 59.56749886, 59.78148328, 59.9954677 , 60.20945212,
       60.5285431 , 60.84763409, 61.16672508, 61.48581606]), array([66.69507987, 68.19319649, 69.6913131 , 71.18942971, 72.68754632,
       74.18566294, 75.68377955, 77.18189616, 78.68001277])]","[[14.521678924560547, 4.279688358306885, 29.962332242563765], [13.784320831298828, 6.381819725036621, 29.962332242563765]]","[30, 29.990098915967103, 29.980527868068553, 29.971275855100096, 29.962332242563765]",29.980846976339905,9,8,5,"[1, 2, 1]",post
"[239.84, 239.89, 239.94, 239.99, 240.04, 240.09, 240.14, 240.19, 240.24]","[array([48.59390635, 48.69752463, 48.8011429 , 48.90476118, 49.00837946,
       49.0992739 , 49.19016835, 49.2810628 , 49.37195725]), array([52.1040819 , 52.96722258, 53.83036326, 54.69350394, 55.55664461,
       56.49931191, 57.4419792 , 58.3846465 , 59.32731379]), array([83.16761012, 84.66844227, 86.16927442, 87.67010657, 89.17093871,
       90.67177086, 92.17260301, 93.67343516, 95.17426731])]","[[2.0723655223846436, 17.262813568115234, 30.01664295650833], [1.8178889751434326, 18.85334587097168, 30.01664295650833]]","[30, 30.004374651483392, 30.00860348125076, 30.012691350025843, 30.01664295650833]",30.008462487853667,10,8,5,"[1, 2, 1]",post
"[243.44, 243.49, 243.54000000000002, 243.59, 243.64000000000001, 243.69, 243.74, 243.79000000000002, 243.84, 243.89, 243.94, 243.99, 244.04, 244.09, 244.14, 244.19, 244.24]","[array([53.06612961, 53.30725257, 53.54837553, 53.78949849, 54.03062145,
       54.18639233, 54.3421632 , 54.49793407, 54.65370495, 54.70893139,
       54.76415784, 54.81938428, 54.87461073, 54.96193885, 55.04926698,
       55.1365951 , 55.22392323]), array([58.34896867, 58.94998304, 59.55099742, 60.15201179, 60.75302617,
       61.48899886, 62.22497155, 62.96094424, 63.69691693, 64.56199738,
       65.42707784, 66.29215829, 67.15723874, 67.96381051, 68.77038228,
       69.57695405, 70.38352582]), array([71.8065619 , 73.22250297, 74.63844404, 76.05438511, 77.47032618,
       78.88626725, 80.30220832, 81.71814939, 83.13409046, 84.55003154,
       85.96597261, 87.38191368, 88.79785475, 90.21379582, 91.62973689,
       93.04567796, 94.46161903])]","[[4.8224592208862305, 12.02028751373291, 28.318821419312215], [3.11541748046875, 14.719453811645508, 28.318821419312215], [1.1045289039611816, 17.30160903930664, 28.318821419312215], [1.7465624809265137, 16.13143539428711, 28.318821419312215]]","[30, 29.558097122454775, 29.13092434082762, 28.71799065192146, 28.318821419312215]",29.14516670690322,11,8,5,"[1, 2, 1]",post
"[251.64000000000001, 251.69, 251.74, 251.79000000000002, 251.84, 251.89, 251.94, 251.99, 252.04, 252.09, 252.14, 252.19, 252.24, 252.29000000000002, 252.34, 252.39, 252.44, 252.49, 252.54000000000002, 252.59, 252.64000000000001]","[array([22.20522727, 23.15676507, 24.10830287, 25.05984067, 26.01137847,
       26.96537341, 27.91936835, 28.87336329, 29.82735823, 30.77532338,
       31.72328852, 32.67125367, 33.61921881, 34.55437344, 35.48952807,
       36.4246827 , 37.35983733, 38.28277844, 39.20571955, 40.12866067,
       41.05160178]), array([65.14310879, 65.23778462, 65.33246045, 65.42713627, 65.5218121 ,
       65.61855722, 65.71530234, 65.81204746, 65.90879259, 66.01911031,
       66.12942802, 66.23974574, 66.35006346, 66.47404243, 66.59802141,
       66.72200038, 66.84597935, 66.99074069, 67.13550202, 67.28026336,
       67.4250247 ]), array([68.68525952, 70.12074251, 71.55622551, 72.9917085 , 74.42719149,
       75.86267448, 77.29815748, 78.73364047, 80.16912346, 81.60460646,
       83.04008945, 84.47557244, 85.91105543, 87.34653843, 88.78202142,
       90.21750441, 91.6529874 , 93.0884704 , 94.52395339, 95.95943638,
       97.39491937])]","[[19.0307559967041, 1.8935165405273438, 28.709659853624153], [19.079898834228516, 1.9349024295806885, 28.709659853624153], [18.95930290222168, 2.2063543796539307, 28.709659853624153], [18.703092575073242, 2.479579448699951, 28.709659853624153], [18.45882225036621, 2.8952267169952393, 28.709659853624153]]","[30, 29.660830187675636, 29.332966035762087, 29.016030688912302, 28.709659853624153]",29.343897353194837,12,8,5,"[1, 2, 1]",post
"[290.84000000000003, 290.89000000000004, 290.94000000000005, 290.99, 291.04, 291.09000000000003, 291.14, 291.19, 291.24, 291.29, 291.34000000000003, 291.39000000000004, 291.44000000000005]","[array([20.18738595, 20.81398655, 21.44058715, 22.06718775, 22.69378835,
       23.37836395, 24.06293956, 24.74751516, 25.43209077, 26.02469755,
       26.61730434, 27.20991112, 27.8025179 ]), array([42.29365145, 43.23224446, 44.17083746, 45.10943047, 46.04802348,
       46.99598929, 47.9439551 , 48.89192091, 49.83988673, 50.67112271,
       51.50235869, 52.33359467, 53.16483065]), array([75.46593632, 76.93663125, 78.40732618, 79.87802111, 81.34871603,
       82.81941096, 84.29010589, 85.76080082, 87.23149575, 88.70219068,
       90.17288561, 91.64358054, 93.11427547])]","[[12.532011985778809, 18.771860122680664, 29.413898583724382], [13.691512107849121, 18.95931625366211, 29.413898583724382], [11.85213565826416, 16.624719619750977, 29.413898583724382]]","[30, 29.845941469061618, 29.69701822248828, 29.553059084133714, 29.413898583724382]",29.701983471881597,13,8,5,"[1, 2, 1]",post
"[350.64, 350.69, 350.74, 350.78999999999996, 350.84, 350.89, 350.93999999999994, 350.98999999999995, 351.03999999999996, 351.09, 351.14, 351.19, 351.24, 351.28999999999996, 351.34, 351.39, 351.43999999999994, 351.48999999999995, 351.53999999999996, 351.59, 351.64]","[array([34.07341644, 34.1736944 , 34.27397236, 34.37425032, 34.47452828,
       34.54473796, 34.61494764, 34.68515732, 34.755367  , 34.92498234,
       35.09459769, 35.26421303, 35.43382837, 35.64426013, 35.8546919 ,
       36.06512367, 36.27555543, 36.50008816, 36.72462088, 36.9491536 ,
       37.17368633]), array([36.10997558, 36.96535698, 37.82073837, 38.67611976, 39.53150116,
       40.39580198, 41.2601028 , 42.12440363, 42.98870445, 43.76171742,
       44.53473039, 45.30774336, 46.08075634, 47.01151996, 47.94228359,
       48.87304721, 49.80381084, 50.86625419, 51.92869754, 52.9911409 ,
       54.05358425]), array([60.45659703, 61.91866427, 63.38073152, 64.84279876, 66.304866  ,
       67.76693324, 69.22900048, 70.69106772, 72.15313496, 73.6152022 ,
       75.07726945, 76.53933669, 78.00140393, 79.46347117, 80.92553841,
       82.38760565, 83.84967289, 85.31174014, 86.77380738, 88.23587462,
       89.69794186])]","[[2.005559206008911, 17.107627868652344, 29.241344827617812], [1.404193639755249, 17.2860164642334, 29.241344827617812], [3.3923068046569824, 15.460259437561035, 29.241344827617812], [4.208635330200195, 18.615272521972656, 29.241344827617812], [4.490654468536377, 21.24886703491211, 29.241344827617812]]","[30, 29.80058519208403, 29.607817544431878, 29.421475485035003, 29.241344827617812]",29.614244609833747,14,8,5,"[1, 2, 1]",post
"[368.84, 368.89, 368.93999999999994, 368.98999999999995, 369.03999999999996, 369.09, 369.14, 369.19, 369.24, 369.28999999999996, 369.34, 369.39, 369.43999999999994]","[array([40.1943434 , 40.32717072, 40.45999804, 40.59282536, 40.72565267,
       40.82846395, 40.93127523, 41.0340865 , 41.13689778, 41.19298126,
       41.24906473, 41.30514821, 41.36123169]), array([45.08792954, 45.72272024, 46.35751095, 46.99230166, 47.62709236,
       48.3291214 , 49.03115044, 49.73317948, 50.43520851, 51.2106637 ,
       51.98611889, 52.76157408, 53.53702927]), array([73.75575961, 75.17340694, 76.59105428, 78.00870161, 79.42634894,
       80.84399628, 82.26164361, 83.67929094, 85.09693828, 86.51458561,
       87.93223294, 89.34988028, 90.76752761])]","[[2.6565463542938232, 12.69581413269043, 28.352946667522733], [2.056225538253784, 14.040580749511719, 28.352946667522733], [1.1216695308685303, 15.509103775024414, 28.352946667522733]]","[30, 29.56706704721722, 29.14856519286053, 28.74401340031587, 28.352946667522733]",29.16251846158327,15,8,5,"[1, 2, 1]",post
"[414.43999999999994, 414.48999999999995, 414.53999999999996, 414.59, 414.64, 414.69, 414.74, 414.78999999999996, 414.84]","[array([15.62518069, 16.60743358, 17.58968646, 18.57193934, 19.55419223,
       20.56206452, 21.56993682, 22.57780912, 23.58568141]), array([49.2779378 , 50.16197081, 51.04600382, 51.93003683, 52.81406984,
       53.68670101, 54.55933218, 55.43196335, 56.30459452]), array([79.46040868, 80.86365137, 82.26689405, 83.67013674, 85.07337942,
       86.4766221 , 87.87986479, 89.28310747, 90.68635015])]","[[19.645057678222656, 17.680660247802734, 28.06485367272713], [20.157445907592773, 17.45262336730957, 28.06485367272713]]","[30, 29.491340931703277, 28.999637165683062, 28.52432352519706, 28.06485367272713]",29.016031059062108,16,8,5,"[1, 2, 1]",post
"[477.84, 477.89, 477.93999999999994, 477.98999999999995, 478.03999999999996, 478.09, 478.14, 478.19, 478.24, 478.29, 478.34000000000003, 478.39, 478.44, 478.49, 478.53999999999996, 478.59, 478.64, 478.69, 478.74, 478.78999999999996, 478.84]","[array([19.1252018 , 19.74472389, 20.36424599, 20.98376808, 21.60329018,
       22.19195614, 22.7806221 , 23.36928806, 23.95795402, 24.54089565,
       25.12383728, 25.70677891, 26.28972053, 26.9394855 , 27.58925047,
       28.23901544, 28.8887804 , 29.49383292, 30.09888544, 30.70393796,
       31.30899048]), array([35.66345425, 36.71010609, 37.75675793, 38.80340977, 39.85006161,
       40.90024147, 41.95042133, 43.0006012 , 44.05078106, 45.10247879,
       46.15417652, 47.20587425, 48.25757198, 49.44830971, 50.63904743,
       51.82978516, 53.02052288, 54.20531006, 55.39009724, 56.57488441,
       57.75967159]), array([64.20887785, 65.65351205, 67.09814625, 68.54278045, 69.98741464,
       71.43204884, 72.87668304, 74.32131724, 75.76595144, 77.21058564,
       78.65521983, 80.09985403, 81.54448823, 82.98912243, 84.43375663,
       85.87839083, 87.32302503, 88.76765922, 90.21229342, 91.65692762,
       93.10156182])]","[[12.39044189453125, 20.93303680419922, 28.89268396914805], [11.773319244384766, 21.003597259521484, 28.89268396914805], [11.658832550048828, 21.033954620361328, 28.89268396914805], [12.995299339294434, 23.814754486083984, 28.89268396914805], [12.10105037689209, 23.695743560791016, 28.89268396914805]]","[30, 29.708938630311703, 29.42757930627974, 29.15559862638218, 28.89268396914805]",29.436960106424333,17,8,5,"[1, 2, 1]",post
"[522.64, 522.6899999999999, 522.74, 522.79, 522.8399999999999, 522.8899999999999, 522.9399999999999, 522.99, 523.04]","[array([19.0733761 , 19.430661  , 19.7879459 , 20.14523081, 20.50251571,
       20.86969491, 21.23687412, 21.60405332, 21.97123252]), array([33.80940886, 34.6480279 , 35.48664694, 36.32526598, 37.16388502,
       37.97321768, 38.78255034, 39.59188299, 40.40121565]), array([69.70735711, 71.17664268, 72.64592826, 74.11521384, 75.58449942,
       77.05378499, 78.52307057, 79.99235615, 81.46164173])]","[[7.145698070526123, 16.772380828857422, 29.385711550794362], [7.343584060668945, 16.18665313720703, 29.385711550794362]]","[30, 29.838532422156046, 29.682447096906813, 29.531564615832842, 29.385711550794362]",29.687651137138012,18,8,5,"[1, 2, 1]",post
"[593.04, 593.0899999999999, 593.14, 593.19, 593.24, 593.29, 593.3399999999999, 593.39, 593.4399999999999, 593.49, 593.54, 593.5899999999999, 593.64, 593.69, 593.74, 593.79, 593.84, 593.89, 593.94, 593.99, 594.04, 594.0899999999999, 594.14, 594.19, 594.24, 594.29, 594.3399999999999, 594.39, 594.4399999999999]","[array([32.21455126, 32.88161812, 33.54868498, 34.21575184, 34.8828187 ,
       35.58777199, 36.29272528, 36.99767857, 37.70263186, 38.59308176,
       39.48353167, 40.37398158, 41.26443148, 42.2963357 , 43.32823992,
       44.36014414, 45.39204836, 46.55324517, 47.71444197, 48.87563878,
       50.03683558, 51.3515853 , 52.66633501, 53.98108473, 55.29583445,
       56.66405707, 58.03227969, 59.4005023 , 60.76872492]), array([39.65356444, 40.45336407, 41.25316371, 42.05296334, 42.85276297,
       43.63558529, 44.41840762, 45.20122994, 45.98405226, 46.8587159 ,
       47.73337954, 48.60804318, 49.48270682, 50.31662711, 51.1505474 ,
       51.98446768, 52.81838797, 53.57294735, 54.32750672, 55.08206609,
       55.83662547, 56.52345117, 57.21027688, 57.89710258, 58.58392829,
       59.28992065, 59.99591302, 60.70190538, 61.40789775]), array([48.64190589, 50.08038758, 51.51886927, 52.95735096, 54.39583265,
       55.83431434, 57.27279603, 58.71127772, 60.14975941, 61.5882411 ,
       63.02672279, 64.46520448, 65.90368617, 67.34216786, 68.78064955,
       70.21913124, 71.65761293, 73.09609462, 74.53457631, 75.973058  ,
       77.41153969, 78.85002138, 80.28850307, 81.72698476, 83.16546645,
       84.60394814, 86.04242983, 87.48091152, 88.91939321])]","[[13.341337203979492, 15.995992660522461, 28.7696337978447], [14.099065780639648, 15.65644645690918, 28.7696337978447], [17.808998107910156, 17.49327278137207, 28.7696337978447], [20.638084411621094, 16.67840576171875, 28.7696337978447], [23.223936080932617, 15.091187477111816, 28.7696337978447], [26.294994354248047, 13.7365140914917, 28.7696337978447], [27.364452362060547, 14.119847297668457, 28.7696337978447]]","[30, 29.676594520408266, 29.363969223469407, 29.06176476976205, 28.7696337978447]",29.374392462296885,19,8,5,"[1, 2, 1]",post
"[256.44000000000005, 256.49000000000007, 256.5400000000001, 256.59000000000003, 256.64000000000004, 256.69000000000005, 256.74, 256.79, 256.84000000000003, 256.89000000000004, 256.94000000000005, 256.99, 257.04, 257.09000000000003, 257.14, 257.19, 257.24]","[array([44.43890326, 44.52427288, 44.6096425 , 44.69501213, 44.78038175,
       44.87538308, 44.9703844 , 45.06538573, 45.16038706, 45.25734965,
       45.35431224, 45.45127483, 45.54823742, 45.67747531, 45.8067132 ,
       45.93595109, 46.06518898]), array([44.45345172, 44.54289806, 44.63234439, 44.72179073, 44.81123707,
       44.96400471, 45.11677236, 45.26954   , 45.42230765, 45.63693065,
       45.85155365, 46.06617665, 46.28079964, 46.51062392, 46.7404482 ,
       46.97027249, 47.20009677]), array([44.63945743, 45.64610998, 46.65276252, 47.65941507, 48.66606761,
       49.51427928, 50.36249095, 51.21070262, 52.05891429, 52.87884056,
       53.69876682, 54.51869308, 55.33861934, 56.16542999, 56.99224063,
       57.81905128, 58.64586193]), array([66.85510776, 68.29300675, 69.73090575, 71.16880474, 72.60670374,
       74.04460273, 75.48250173, 76.92040072, 78.35829972, 79.79619871,
       81.23409771, 82.6719967 , 84.1098957 , 85.54779469, 86.98569369,
       88.42359268, 89.86149168])]","[[1.7073924541473389, 1.7889267206192017, 20.1330509185791, 28.757979901218878], [1.900026559829712, 3.0553529262542725, 16.9642333984375, 28.757979901218878], [1.9392517805099487, 4.292459964752197, 16.39852523803711, 28.757979901218878], [2.5847578048706055, 4.596485614776611, 16.536212921142578, 28.757979901218878]]","[30, 29.67760541565324, 29.363270695914924, 29.05679434417008, 28.757979901218878]",29.371130071391423,20,8,5,"[1, 2, 1]",post
"[5.399999999999989, 5.449999999999989, 5.499999999999989, 5.549999999999989, 5.599999999999989, 5.649999999999989, 5.699999999999989, 5.749999999999989, 5.799999999999989, 5.849999999999989, 5.89999999999999, 5.9499999999999895, 5.999999999999989]","[array([39.34308525, 40.63933034, 41.93557544, 43.23182054, 44.52806564,
       46.00888448, 47.48970333, 48.97052217, 50.45134101, 52.02360225,
       53.59586349, 55.16812473, 56.74038597]), array([63.37008187, 63.57058746, 63.77109305, 63.97159864, 64.17210423,
       64.37676603, 64.58142783, 64.78608963, 64.99075142, 65.1529732 ,
       65.31519498, 65.47741676, 65.63963853]), array([65.77588481, 67.2700584 , 68.764232  , 70.25840559, 71.75257919,
       73.24675278, 74.74092638, 76.23509997, 77.72927357, 79.22344716,
       80.71762076, 82.21179435, 83.70596794])]","[[25.924901962280273, 4.0101118087768555, 29.88347189372884], [29.616376876831055, 4.093235969543457, 29.88347189372884], [31.44522476196289, 3.2444355487823486, 29.88347189372884]]","[30, 29.969370234627274, 29.939761461433633, 29.91113964734645, 29.88347189372884]",29.940748647427238,0,9,5,"[1, 2, 1]",post
"[20.79999999999999, 20.84999999999999, 20.89999999999999, 20.94999999999999, 20.99999999999999, 21.04999999999999, 21.099999999999987, 21.149999999999988, 21.19999999999999]","[array([40.30266768, 40.49583542, 40.68900315, 40.88217089, 41.07533862,
       41.2618812 , 41.44842379, 41.63496637, 41.82150895]), array([42.13244704, 43.48582257, 44.8391981 , 46.19257363, 47.54594916,
       49.12202882, 50.69810847, 52.27418812, 53.85026778]), array([68.92500265, 70.4423337 , 71.95966476, 73.47699581, 74.99432686,
       76.51165791, 78.02898896, 79.54632002, 81.06365107])]","[[3.8633546829223633, 27.0675106048584, 30.346621041964628], [3.730851650238037, 31.52159309387207, 30.346621041964628]]","[30, 30.09111038983095, 30.179183766667535, 30.264321364276228, 30.346621041964628]",30.176247312547865,1,9,5,"[1, 2, 1]",post
"[37.79999999999999, 37.849999999999994, 37.89999999999999, 37.94999999999999, 37.99999999999999, 38.04999999999999, 38.099999999999994, 38.14999999999999, 38.19999999999999, 38.249999999999986, 38.29999999999999, 38.349999999999994, 38.39999999999999, 38.44999999999999, 38.49999999999999, 38.55, 38.599999999999994, 38.64999999999999, 38.69999999999999, 38.74999999999999, 38.79999999999999, 38.849999999999994, 38.89999999999999, 38.94999999999999, 38.99999999999999]","[array([35.4797897 , 36.59824997, 37.71671025, 38.83517052, 39.95363079,
       41.29559046, 42.63755013, 43.97950979, 45.32146946, 46.51987683,
       47.71828419, 48.91669155, 50.11509892, 51.57129389, 53.02748886,
       54.48368384, 55.93987881, 57.43278853, 58.92569824, 60.41860796,
       61.91151768, 63.29157196, 64.67162625, 66.05168053, 67.43173481]), array([51.68630857, 52.18401098, 52.68171339, 53.1794158 , 53.67711821,
       54.16770801, 54.65829782, 55.14888763, 55.63947744, 56.19118533,
       56.74289322, 57.29460111, 57.84630899, 58.45063686, 59.05496473,
       59.6592926 , 60.26362047, 60.77919364, 61.29476681, 61.81033997,
       62.32591314, 62.82239413, 63.31887512, 63.81535611, 64.3118371 ]), array([57.69116027, 59.15082754, 60.6104948 , 62.07016206, 63.52982933,
       64.98949659, 66.44916385, 67.90883111, 69.36849838, 70.82816564,
       72.2878329 , 73.74750016, 75.20716743, 76.66683469, 78.12650195,
       79.58616922, 81.04583648, 82.50550374, 83.965171  , 85.42483827,
       86.88450553, 88.34417279, 89.80384006, 91.26350732, 92.72317458])]","[[22.369205474853516, 9.954048156738281, 29.193345256040278], [26.83919334411621, 9.811796188354492, 29.193345256040278], [23.96814727783203, 11.034157752990723, 29.193345256040278], [29.123899459838867, 12.086557388305664, 29.193345256040278], [29.85819435119629, 10.311463356018066, 29.193345256040278], [27.601085662841797, 9.929619789123535, 29.193345256040278]]","[30, 29.787968359437762, 29.5830044402276, 29.384872651657783, 29.193345256040278]",29.58983814147269,2,9,5,"[1, 2, 1]",post
"[44.39999999999999, 44.44999999999999, 44.49999999999999, 44.55, 44.599999999999994, 44.64999999999999, 44.69999999999999, 44.74999999999999, 44.79999999999999]","[array([36.53253205, 37.38279488, 38.23305771, 39.08332055, 39.93358338,
       40.75251973, 41.57145607, 42.39039242, 43.20932877]), array([48.74536607, 50.34867628, 51.95198648, 53.55529668, 55.15860689,
       56.7023195 , 58.24603212, 59.78974474, 61.33345735]), array([73.67300816, 75.09702214, 76.52103611, 77.94505009, 79.36906406,
       80.79307804, 82.21709202, 83.64110599, 85.06511997])]","[[17.00525665283203, 32.06620407104492, 28.48027951956187], [16.378726959228516, 30.874252319335938, 28.48027951956187]]","[30, 29.60053687271264, 29.214389183001536, 28.84111308294747, 28.48027951956187]",29.227263731644705,3,9,5,"[1, 2, 1]",post
"[117.80000000000001, 117.85000000000001, 117.9, 117.95, 118.0, 118.05, 118.1, 118.15, 118.2, 118.25, 118.30000000000001, 118.35000000000001, 118.4]","[array([26.17012148, 26.75564638, 27.34117127, 27.92669616, 28.51222106,
       29.19668389, 29.88114672, 30.56560956, 31.25007239, 32.07403183,
       32.89799128, 33.72195073, 34.54591017]), array([38.12400116, 39.40939154, 40.69478192, 41.9801723 , 43.26556267,
       44.83342032, 46.40127797, 47.96913561, 49.53699326, 51.24830822,
       52.95962319, 54.67093815, 56.38225312]), array([67.85743063, 69.37612185, 70.89481307, 72.41350428, 73.9321955 ,
       75.45088672, 76.96957793, 78.48826915, 80.00696037, 81.52565159,
       83.0443428 , 84.56303402, 86.08172524])]","[[11.710497856140137, 25.707807540893555, 30.373824339345436], [13.68925666809082, 31.357152938842773, 30.373824339345436], [16.479188919067383, 34.22629928588867, 30.373824339345436]]","[30, 30.09826085887057, 30.1932463557788, 30.28506566945677, 30.373824339345436]",30.190079444690316,4,9,5,"[1, 2, 1]",post
"[119.2, 119.25, 119.30000000000001, 119.35000000000001, 119.4, 119.45, 119.5, 119.55000000000001, 119.60000000000001]","[array([43.36125039, 44.51880082, 45.67635125, 46.83390168, 47.99145211,
       49.14697017, 50.30248822, 51.45800628, 52.61352433]), array([60.33103052, 61.38732763, 62.44362475, 63.49992186, 64.55621897,
       65.67285296, 66.78948694, 67.90612093, 69.02275492]), array([75.59789827, 77.07719335, 78.55648844, 80.03578352, 81.5150786 ,
       82.99437368, 84.47366876, 85.95296384, 87.43225892])]","[[23.15100860595703, 21.12594223022461, 29.58590162680656], [23.110361099243164, 22.332679748535156, 29.58590162680656]]","[30, 29.891152989454497, 29.785934212593833, 29.68422272829526, 29.58590162680656]",29.78944231143003,5,9,5,"[1, 2, 1]",post
"[120.2, 120.25, 120.30000000000001, 120.35000000000001, 120.4, 120.45, 120.5, 120.55000000000001, 120.60000000000001]","[array([12.48364847, 13.63478554, 14.7859226 , 15.93705967, 17.08819674,
       18.21560515, 19.34301355, 20.47042196, 21.59783037]), array([36.47832387, 38.00017427, 39.52202466, 41.04387506, 42.56572545,
       44.09894145, 45.63215745, 47.16537345, 48.69858945]), array([69.03897263, 70.52216341, 72.00535419, 73.48854497, 74.97173575,
       76.45492652, 77.9381173 , 79.42130808, 80.90449886])]","[[23.022741317749023, 30.437007904052734, 29.66381557406879], [22.548168182373047, 30.66431999206543, 29.66381557406879]]","[30, 29.91163290627686, 29.82621138234459, 29.743637242543326, 29.66381557406879]",29.829059421046715,6,9,5,"[1, 2, 1]",post
"[121.4, 121.45, 121.5, 121.55000000000001, 121.60000000000001, 121.65, 121.70000000000002, 121.75000000000001, 121.80000000000001, 121.85000000000001, 121.9, 121.95, 122.0]","[array([41.88815277, 42.183583  , 42.47901323, 42.77444347, 43.0698737 ,
       43.42820185, 43.78653   , 44.14485815, 44.5031863 , 44.85429285,
       45.2053994 , 45.55650595, 45.9076125 ]), array([43.63086318, 45.17285098, 46.71483878, 48.25682658, 49.79881438,
       51.20198039, 52.6051464 , 54.00831241, 55.41147841, 56.68780002,
       57.96412162, 59.24044322, 60.51676482]), array([68.23688061, 69.72836843, 71.21985625, 72.71134406, 74.20283188,
       75.6943197 , 77.18580752, 78.67729534, 80.16878316, 81.66027097,
       83.15175879, 84.64324661, 86.13473443])]","[[5.908604621887207, 30.83975601196289, 29.829756366750278], [7.166563034057617, 28.06332015991211, 29.829756366750278], [7.022130966186523, 25.526432037353516, 29.829756366750278]]","[30, 29.955250945806103, 29.911993526751992, 29.870178021666383, 29.829756366750278]",29.91343577219495,7,9,5,"[1, 2, 1]",post
"[205.8, 205.85000000000002, 205.9, 205.95, 206.0, 206.05, 206.10000000000002, 206.15, 206.20000000000002]","[array([32.17447451, 32.7804273 , 33.38638008, 33.99233287, 34.59828566,
       35.23984454, 35.88140343, 36.52296231, 37.1645212 ]), array([51.57846757, 52.09497572, 52.61148387, 53.12799202, 53.64450017,
       54.31648175, 54.98846332, 55.66044489, 56.33242647]), array([67.82496174, 69.28158294, 70.73820414, 72.19482534, 73.65144654,
       75.10806774, 76.56468894, 78.02131014, 79.47793135])]","[[12.11905574798584, 10.33016300201416, 29.132424022881093], [12.831177711486816, 13.439631462097168, 29.132424022881093]]","[30, 29.77195502894097, 29.55151155691719, 29.33841620062772, 29.132424022881093]",29.55886136187339,8,9,5,"[1, 2, 1]",post
