t_list,x_list,v_list,v0,n_scn,iter,mse,type,mse_mean,N. file,DOE,processed
"[108.84000000000002, 108.89000000000001, 108.94000000000001, 108.99000000000001, 109.04, 109.09, 109.14000000000001, 109.19000000000001, 109.24000000000001, 109.29, 109.34, 109.39000000000001, 109.44000000000001]","[array([54.84994721, 55.20761432, 55.56528144, 55.92294855, 56.28061566,
       56.80810513, 57.3355946 , 57.86308408, 58.39057355, 59.06413631,
       59.73769908, 60.41126184, 61.08482461]), array([58.56445969, 59.93659285, 61.30872601, 62.68085917, 64.05299233,
       65.29540099, 66.53780964, 67.7802183 , 69.02262696, 70.10888489,
       71.19514283, 72.28140076, 73.3676587 ]), array([72.09558373, 73.41701698, 74.73845022, 76.05988347, 77.38131672,
       78.70274996, 80.02418321, 81.34561646, 82.6670497 , 83.98848295,
       85.3099162 , 86.63134944, 87.95278269])]","[[7.153342247009277, 27.442663192749023, 26.428664935328452], [10.549789428710938, 24.848173141479492, 26.428664935328452], [13.4712553024292, 21.72515869140625, 26.428664935328452]]",26.428664935328452,3,15.0,4.445266840175762,train,42.32088782995077,8,"[1, 2, 1]",post
"[522.64, 522.6899999999999, 522.74, 522.79, 522.8399999999999, 522.8899999999999, 522.9399999999999, 522.99, 523.04]","[array([19.0733761 , 19.07303539, 19.07269469, 19.07235398, 19.07201327,
       19.0718085 , 19.07160372, 19.07139895, 19.07119417]), array([33.80940886, 33.80940728, 33.8094057 , 33.80940412, 33.80940254,
       33.80940164, 33.80940075, 33.80939986, 33.80939896]), array([69.70735711, 71.11583414, 72.52431117, 73.9327882 , 75.34126523,
       76.74974226, 78.15821929, 79.56669633, 80.97517336])]","[[-0.006814112421125174, -3.16061959892977e-05, 28.169540624100616], [-0.004095522221177816, -1.7873626347864047e-05, 28.169540624100616]]",28.169540624100616,18,15.0,9.827295001626736,train,42.32088782995077,8,"[1, 2, 1]",post
"[414.43999999999994, 414.48999999999995, 414.53999999999996, 414.59, 414.64, 414.69, 414.74, 414.78999999999996, 414.84]","[array([15.62518069, 15.62517801, 15.62517532, 15.62517263, 15.62516994,
       15.62516702, 15.6251641 , 15.62516117, 15.62515825]), array([49.2779378 , 49.27793127, 49.27792475, 49.27791823, 49.27791171,
       49.27790223, 49.27789275, 49.27788326, 49.27787378]), array([79.46040868, 80.67209081, 81.88377295, 83.09545508, 84.30713721,
       85.51881934, 86.73050147, 87.9421836 , 89.15386573])]","[[-5.375448381528258e-05, -0.0001304278412135318, 24.23364261029301], [-5.845848500030115e-05, -0.0001896448666229844, 24.23364261029301]]",24.23364261029301,16,15.0,25.59886897168852,train,42.32088782995077,8,"[1, 2, 1]",post
"[290.84000000000003, 290.89000000000004, 290.94000000000005, 290.99, 291.04, 291.09000000000003, 291.14, 291.19, 291.24, 291.29, 291.34000000000003, 291.39000000000004, 291.44000000000005]","[array([20.18738595, 20.18734331, 20.18730068, 20.18725804, 20.1872154 ,
       20.18719169, 20.18716797, 20.18714425, 20.18712053, 20.187106  ,
       20.18709147, 20.18707694, 20.18706241]), array([42.29365145, 42.29364915, 42.29364684, 42.29364453, 42.29364223,
       42.29364024, 42.29363825, 42.29363627, 42.29363428, 42.29363339,
       42.29363249, 42.2936316 , 42.29363071]), array([75.46593632, 76.87861294, 78.29128956, 79.70396619, 81.11664281,
       82.52931943, 83.94199606, 85.35467268, 86.7673493 , 88.18002593,
       89.59270255, 91.00537917, 92.4180558 ])]","[[-0.0008527290774509311, -4.6115568693494424e-05, 28.253532466651226], [-0.0004743932222481817, -3.974813444074243e-05, 28.253532466651226], [-0.0002906002919189632, -1.7849468349595554e-05, 28.253532466651226]]",28.253532466651226,13,15.0,26.65905349118638,train,42.32088782995077,8,"[1, 2, 1]",post
"[102.24000000000001, 102.29, 102.34, 102.39000000000001, 102.44000000000001, 102.49000000000001, 102.54000000000002, 102.59000000000002, 102.64000000000001, 102.69000000000001, 102.74000000000001, 102.79000000000002, 102.84000000000002, 102.89000000000001, 102.94000000000001, 102.99000000000001, 103.04]","[array([44.34172903, 44.3407645 , 44.33979998, 44.33883546, 44.33787094,
       44.33645658, 44.33504222, 44.33362786, 44.33221349, 44.32961764,
       44.32702179, 44.32442594, 44.32183009, 44.31947895, 44.31712781,
       44.31477667, 44.31242553]), array([53.47732555, 53.47674589, 53.47616622, 53.47558656, 53.4750069 ,
       53.47485972, 53.47471254, 53.47456535, 53.47441817, 53.47433793,
       53.4742577 , 53.47417746, 53.47409722, 53.47404538, 53.47399354,
       53.4739417 , 53.47388986]), array([64.39488833, 65.92036294, 67.44583755, 68.97131215, 70.49678676,
       72.02226137, 73.54773597, 75.07321058, 76.59868519, 78.12415979,
       79.6496344 , 81.17510901, 82.70058361, 84.22605822, 85.75153283,
       87.27700743, 88.80248204])]","[[-0.019290417432785034, -0.011593249626457691, 30.50949213175448], [-0.028287237510085106, -0.002943634521216154, 30.50949213175448], [-0.05191700533032417, -0.0016047786921262741, 30.50949213175448], [-0.04702283814549446, -0.0010367878712713718, 30.50949213175448]]",30.50949213175448,2,15.0,64.06612897371251,train,42.32088782995077,8,"[1, 2, 1]",post
"[237.64000000000001, 237.69, 237.74, 237.79000000000002, 237.84, 237.89, 237.94, 237.99, 238.04]","[array([34.19418497, 34.19418258, 34.1941802 , 34.19417782, 34.19417543,
       34.19417157, 34.19416771, 34.19416385, 34.19415999]), array([59.35351445, 59.35246222, 59.35140999, 59.35035776, 59.34930553,
       59.34899394, 59.34868235, 59.34837075, 59.34805916]), array([66.69507987, 68.18946775, 69.68385562, 71.17824349, 72.67263137,
       74.16701924, 75.66140711, 77.15579498, 78.65018286])]","[[-4.7675843234173954e-05, -0.02104456163942814, 29.88775745359135], [-7.722113514319062e-05, -0.0062318649142980576, 29.88775745359135]]",29.88775745359135,9,15.0,10.468415766226514,train,42.32088782995077,8,"[1, 2, 1]",post
"[256.44000000000005, 256.49000000000007, 256.5400000000001, 256.59000000000003, 256.64000000000004, 256.69000000000005, 256.74, 256.79, 256.84000000000003, 256.89000000000004, 256.94000000000005, 256.99, 257.04, 257.09000000000003, 257.14, 257.19, 257.24]","[array([44.43890326, 44.44955791, 44.46021256, 44.47086721, 44.48152187,
       44.4880623 , 44.49460273, 44.50114316, 44.50768359, 44.51420133,
       44.52071907, 44.52723681, 44.53375455, 44.53560146, 44.53744838,
       44.53929529, 44.54114221]), array([44.45345172, 44.46252525, 44.47159878, 44.4806723 , 44.48974583,
       44.48994653, 44.49014723, 44.49034793, 44.49054863, 44.49014401,
       44.4897394 , 44.48933479, 44.48893018, 44.48853511, 44.48814004,
       44.48774496, 44.48734989]), array([44.63945743, 44.63945698, 44.63945654, 44.63945609, 44.63945564,
       44.63945501, 44.63945438, 44.63945376, 44.63945313, 44.63945213,
       44.63945113, 44.63945013, 44.63944913, 44.63944793, 44.63944673,
       44.63944553, 44.63944433]), array([66.85510776, 68.16267667, 69.47024558, 70.7778145 , 72.08538341,
       73.39295232, 74.70052123, 76.00809015, 77.31565906, 78.62322797,
       79.93079688, 81.2383658 , 82.54593471, 83.85350362, 85.16107253,
       86.46864145, 87.77621036])]","[[0.21309304237365723, 0.18147054314613342, -8.947315109253395e-06, 26.151378251028998], [0.13080860674381256, 0.004013977944850922, -1.2566936675284524e-05, 26.151378251028998], [0.13035479187965393, -0.008092216216027737, -1.999873529712204e-05, 26.151378251028998], [0.03693832829594612, -0.007901448756456375, -2.3967000743141398e-05, 26.151378251028998]]",26.151378251028998,20,15.0,48.76651406041615,train,42.32088782995077,8,"[1, 2, 1]",post
"[130.04, 130.09, 130.14, 130.19, 130.24, 130.29000000000002, 130.34, 130.39, 130.44]","[array([33.52257836, 33.52257836, 33.52257836, 33.52257836, 33.52257836,
       33.52257836, 33.52257836, 33.52257836, 33.52257836]), array([70.299416  , 70.29921204, 70.29900807, 70.29880411, 70.29860015,
       70.29855178, 70.29850341, 70.29845504, 70.29840668]), array([77.15612947, 78.86501422, 80.57389896, 82.28278371, 83.99166846,
       85.7005532 , 87.40943795, 89.1183227 , 90.82720744])]","[[-1.3210263105634112e-08, -0.004079266916960478, 34.17769492487292], [-1.5845870393604855e-08, -0.0009673627791926265, 34.17769492487292]]",34.17769492487292,4,15.0,25.16310954001995,train,42.32088782995077,8,"[1, 2, 1]",post
"[251.64000000000001, 251.69, 251.74, 251.79000000000002, 251.84, 251.89, 251.94, 251.99, 252.04, 252.09, 252.14, 252.19, 252.24, 252.29000000000002, 252.34, 252.39, 252.44, 252.49, 252.54000000000002, 252.59, 252.64000000000001]","[array([22.20522727, 22.20522727, 22.20522727, 22.20522727, 22.20522727,
       22.20522727, 22.20522727, 22.20522727, 22.20522727, 22.20522727,
       22.20522727, 22.20522727, 22.20522727, 22.20522727, 22.20522727,
       22.20522727, 22.20522727, 22.20522727, 22.20522727, 22.20522727,
       22.20522727]), array([65.14310879, 65.14345537, 65.14380194, 65.14414852, 65.14449509,
       65.1447805 , 65.1450659 , 65.14535131, 65.14563671, 65.14572608,
       65.14581545, 65.14590482, 65.14599419, 65.14599176, 65.14598933,
       65.14598689, 65.14598446, 65.14593292, 65.14588139, 65.14582986,
       65.14577833]), array([68.68525952, 69.99301146, 71.30076341, 72.60851535, 73.91626729,
       75.22401923, 76.53177118, 77.83952312, 79.14727506, 80.45502701,
       81.76277895, 83.07053089, 84.37828283, 85.68603478, 86.99378672,
       88.30153866, 89.6092906 , 90.91704255, 92.22479449, 93.53254643,
       94.84029838])]","[[-1.2417689099208928e-10, 0.006931492127478123, 26.155038854980965], [-9.324033212187999e-11, 0.00570810679346323, 26.155038854980965], [-1.170128716143637e-10, 0.0017874152399599552, 26.155038854980965], [-1.7168513832821475e-10, -4.8698391765356064e-05, 26.155038854980965], [-2.524808695447689e-10, -0.001030649058520794, 26.155038854980965]]",26.155038854980965,12,15.0,78.83303200429442,train,42.32088782995077,8,"[1, 2, 1]",post
"[225.24, 225.29000000000002, 225.34, 225.39, 225.44, 225.49, 225.54000000000002, 225.59, 225.64000000000001, 225.69, 225.74, 225.79000000000002, 225.84, 225.89, 225.94, 225.99, 226.04, 226.09, 226.14, 226.19, 226.24]","[array([35.10710391, 35.10709943, 35.10709496, 35.10709048, 35.107086  ,
       35.10707651, 35.10706701, 35.10705751, 35.10704802, 35.1070264 ,
       35.10700479, 35.10698318, 35.10696156, 35.10691901, 35.10687646,
       35.10683391, 35.10679136, 35.1069059 , 35.10702044, 35.10713498,
       35.10724952]), array([48.35795769, 48.35795763, 48.35795757, 48.35795751, 48.35795745,
       48.35795744, 48.35795742, 48.3579574 , 48.35795738, 48.35795737,
       48.35795737, 48.35795736, 48.35795736, 48.35795735, 48.35795735,
       48.35795735, 48.35795735, 48.35795735, 48.35795735, 48.35795734,
       48.35795734]), array([71.01349684, 72.19501387, 73.37653091, 74.55804794, 75.73956497,
       76.921082  , 78.10259903, 79.28411606, 80.46563309, 81.64715012,
       82.82866715, 84.01018418, 85.19170122, 86.37321825, 87.55473528,
       88.73625231, 89.91776934, 91.09928637, 92.2808034 , 93.46232043,
       94.64383746])]","[[-8.951254130806774e-05, -1.1766323950723745e-06, 23.630340619869084], [-0.00018994002311956137, -3.675295374705456e-07, 23.630340619869084], [-0.00043226644629612565, -1.2553104511425772e-07, 23.630340619869084], [-0.0008510311599820852, -4.383620577641523e-08, 23.630340619869084], [0.00229079881682992, -1.5296505395667737e-08, 23.630340619869084]]",23.630340619869084,7,15.0,35.051629202585815,train,42.32088782995077,8,"[1, 2, 1]",post
"[239.84, 239.89, 239.94, 239.99, 240.04, 240.09, 240.14, 240.19, 240.24]","[array([48.59390635, 48.5945291 , 48.59515185, 48.59577459, 48.59639734,
       48.59742423, 48.59845112, 48.599478  , 48.60050489]), array([52.1040819, 52.1040819, 52.1040819, 52.1040819, 52.1040819,
       52.1040819, 52.1040819, 52.1040819, 52.1040819]), array([83.16761012, 84.67008976, 86.1725694 , 87.67504904, 89.17752867,
       90.68000831, 92.18248795, 93.68496759, 95.18744722])]","[[0.012454941868782043, -1.3607670545923156e-08, 30.049592753734725], [0.020537765696644783, -3.237257795163373e-09, 30.049592753734725]]",30.049592753734725,10,15.0,11.289111754616144,train,42.32088782995077,8,"[1, 2, 1]",post
"[350.64, 350.69, 350.74, 350.78999999999996, 350.84, 350.89, 350.93999999999994, 350.98999999999995, 351.03999999999996, 351.09, 351.14, 351.19, 351.24, 351.28999999999996, 351.34, 351.39, 351.43999999999994, 351.48999999999995, 351.53999999999996, 351.59, 351.64]","[array([34.07341644, 34.07750262, 34.0815888 , 34.08567498, 34.08976116,
       34.09822387, 34.10668657, 34.11514927, 34.12361198, 34.12400913,
       34.12440628, 34.12480343, 34.12520058, 34.12544292, 34.12568526,
       34.1259276 , 34.12616994, 34.12645675, 34.12674355, 34.12703035,
       34.12731716]), array([36.10997558, 36.1099756 , 36.10997561, 36.10997562, 36.10997564,
       36.10997564, 36.10997564, 36.10997564, 36.10997564, 36.10997565,
       36.10997565, 36.10997566, 36.10997566, 36.10997566, 36.10997567,
       36.10997567, 36.10997567, 36.10997567, 36.10997567, 36.10997567,
       36.10997567]), array([60.45659703, 61.84356483, 63.23053264, 64.61750044, 66.00446824,
       67.39143604, 68.77840384, 70.16537165, 71.55233945, 72.93930725,
       74.32627505, 75.71324285, 77.10021066, 78.48717846, 79.87414626,
       81.26111406, 82.64808186, 84.03504967, 85.42201747, 86.80898527,
       88.19595307])]","[[0.0817236378788948, 2.687583844362962e-07, 27.73935603842885], [0.16925407946109772, 4.7093333677139526e-08, 27.73935603842885], [0.007942982017993927, 8.88235263118986e-08, 27.73935603842885], [0.004846842493861914, 3.55555940245722e-08, 27.73935603842885], [0.00573605764657259, 2.604817872509102e-08, 27.73935603842885]]",27.73935603842885,14,15.0,61.88511502178475,train,42.32088782995077,8,"[1, 2, 1]",post
"[593.04, 593.0899999999999, 593.14, 593.19, 593.24, 593.29, 593.3399999999999, 593.39, 593.4399999999999, 593.49, 593.54, 593.5899999999999, 593.64, 593.69, 593.74, 593.79, 593.84, 593.89, 593.94, 593.99, 594.04, 594.0899999999999, 594.14, 594.19, 594.24, 594.29, 594.3399999999999, 594.39, 594.4399999999999]","[array([32.21455126, 32.21466712, 32.21478297, 32.21489883, 32.21501468,
       32.21512635, 32.21523802, 32.21534969, 32.21546136, 32.21550834,
       32.21555532, 32.2156023 , 32.21564927, 32.21566963, 32.21568999,
       32.21571034, 32.2157307 , 32.21574017, 32.21574965, 32.21575912,
       32.21576859, 32.21577246, 32.21577634, 32.21578021, 32.21578408,
       32.21578642, 32.21578875, 32.21579109, 32.21579342]), array([39.65356444, 39.65361153, 39.65365862, 39.65370572, 39.65375281,
       39.65381991, 39.65388702, 39.65395412, 39.65402123, 39.65407275,
       39.65412428, 39.6541758 , 39.65422733, 39.65429077, 39.65435421,
       39.65441765, 39.6544811 , 39.654579  , 39.6546769 , 39.65477481,
       39.65487271, 39.655015  , 39.6551573 , 39.65529959, 39.65544188,
       39.65555002, 39.65565815, 39.65576628, 39.65587441]), array([48.64190589, 49.95859337, 51.27528084, 52.59196831, 53.90865579,
       55.22534326, 56.54203073, 57.85871821, 59.17540568, 60.49209315,
       61.80878063, 63.1254681 , 64.44215558, 65.75884305, 67.07553052,
       68.392218  , 69.70890547, 71.02559294, 72.34228042, 73.65896789,
       74.97565536, 76.29234284, 77.60903031, 78.92571779, 80.24240526,
       81.55909273, 82.87578021, 84.19246768, 85.50915515])]","[[0.0023170863278210163, 0.0009418398258276284, 26.333749473177015], [0.0022334030363708735, 0.0013420875184237957, 26.333749473177015], [0.0009395699016749859, 0.0010305085452273488, 26.333749473177015], [0.0004071307776030153, 0.0012688490096479654, 26.333749473177015], [0.00018945032206829637, 0.001958058215677738, 26.333749473177015], [7.744582399027422e-05, 0.0028458801098167896, 26.333749473177015], [4.671638453146443e-05, 0.002162640681490302, 26.333749473177015]]",26.333749473177015,19,15.0,174.08953168670982,train,42.32088782995077,8,"[1, 2, 1]",post
"[222.64000000000001, 222.69, 222.74, 222.79000000000002, 222.84, 222.89, 222.94, 222.99, 223.04, 223.09, 223.14, 223.19, 223.24, 223.29000000000002, 223.34, 223.39, 223.44]","[array([44.44424043, 44.4584095 , 44.47257857, 44.48674763, 44.5009167 ,
       44.50898035, 44.51704399, 44.52510764, 44.53317129, 44.53566483,
       44.53815838, 44.54065193, 44.54314548, 44.54387125, 44.54459701,
       44.54532278, 44.54604854]), array([44.85797744, 44.85797745, 44.85797745, 44.85797745, 44.85797745,
       44.85797745, 44.85797745, 44.85797745, 44.85797746, 44.85797746,
       44.85797746, 44.85797746, 44.85797746, 44.85797746, 44.85797746,
       44.85797746, 44.85797746]), array([75.50795893, 76.67596401, 77.8439691 , 79.01197419, 80.17997928,
       81.34798437, 82.51598945, 83.68399454, 84.85199963, 86.02000472,
       87.18800981, 88.35601489, 89.52401998, 90.69202507, 91.86003016,
       93.02803524, 94.19604033])]","[[0.2833813428878784, 3.6927470858927336e-08, 23.360101757972426], [0.16127292811870575, 2.6397422914214985e-08, 23.360101757972426], [0.04987097159028053, 1.8992672323747684e-08, 23.360101757972426], [0.014515317976474762, 1.4417287808043966e-08, 23.360101757972426]]",23.360101757972426,6,15.0,16.34935730426719,train,42.32088782995077,8,"[1, 2, 1]",post
"[36.44, 36.489999999999995, 36.54, 36.59, 36.64, 36.69, 36.74, 36.790000000000006, 36.84, 36.89, 36.94, 36.99, 37.04]","[array([30.03133363, 30.03185711, 30.03238059, 30.03290406, 30.03342754,
       33.31901639, 33.32063383, 33.32225128, 33.32386872, 37.03604435,
       37.0446004 , 37.05315646, 37.06171251]), array([35.18261507, 35.18261507, 35.18261507, 35.18261507, 35.18261507,
       36.82265654, 36.82265654, 36.82265654, 36.82265654, 38.18269383,
       38.18269383, 38.18269383, 38.18269383]), array([69.58134328, 70.95662857, 72.33191387, 73.70719917, 75.08248446,
       74.20494401, 75.5802293 , 76.9555146 , 78.33079989, 78.08736915,
       79.46265445, 80.83793975, 82.21322504])]","[[0.010469571687281132, 6.680924702351376e-09, 27.505705921127436], [0.0323488712310791, 3.2032418939564877e-09, 27.505705921127436], [0.17112112045288086, 1.0113417880930342e-09, 27.505705921127436]]",27.505705921127436,0,,4.4783421970068105,test,6.348114710290873,8,"[1, 2, 1]",post
"[477.84, 477.89, 477.93999999999994, 477.98999999999995, 478.03999999999996, 478.09, 478.14, 478.19, 478.24, 478.29, 478.34000000000003, 478.39, 478.44, 478.49, 478.53999999999996, 478.59, 478.64, 478.69, 478.74, 478.78999999999996, 478.84]","[array([19.1252018 , 19.125203  , 19.1252042 , 19.1252054 , 19.12520661,
       22.70523404, 22.70523551, 22.70523698, 22.70523845, 26.30927729,
       26.30927886, 26.30928043, 26.309282  , 30.49934436, 30.49934574,
       30.49934711, 30.49934848, 34.45942659, 34.45942835, 34.4594301 ,
       34.45943186]), array([35.66345425, 35.66345425, 35.66345426, 35.66345426, 35.66345427,
       38.81153869, 38.81153869, 38.8115387 , 38.8115387 , 42.2756514 ,
       42.27565141, 42.27565141, 42.27565141, 46.75382634, 46.75382634,
       46.75382635, 46.75382635, 50.18797961, 50.18797961, 50.18797962,
       50.18797962]), array([64.20887785, 65.58416315, 66.95944844, 68.33473374, 69.71001903,
       69.62850596, 71.00379126, 72.37907655, 73.75436185, 73.18484236,
       74.56012766, 75.93541295, 77.31069825, 78.58943538, 79.96472068,
       81.34000597, 82.71529127, 83.18598446, 84.56126976, 85.93655505,
       87.31184035])]","[[2.4051918444456533e-05, 9.701469849687783e-08, 27.505705921127436], [2.9423694286379032e-05, 6.440061639523265e-08, 27.505705921127436], [3.1413677788805217e-05, 6.174198574626644e-08, 27.505705921127436], [2.7455767849460244e-05, 4.042573209517286e-08, 27.505705921127436], [3.511531031108461e-05, 2.3762872558563686e-08, 27.505705921127436]]",27.505705921127436,17,,8.379265024861636,test,6.348114710290873,8,"[1, 2, 1]",post
"[368.84, 368.89, 368.93999999999994, 368.98999999999995, 369.03999999999996, 369.09, 369.14, 369.19, 369.24, 369.28999999999996, 369.34, 369.39, 369.43999999999994]","[array([40.1943434 , 40.19496524, 40.19558708, 40.19620891, 40.19683075,
       43.68649894, 43.68853572, 43.6905725 , 43.69260928, 48.32473583,
       48.34140689, 48.35807795, 48.374749  ]), array([45.08792954, 45.08792954, 45.08792955, 45.08792955, 45.08792956,
       46.86300188, 46.86300188, 46.86300188, 46.86300188, 48.47466186,
       48.47466187, 48.47466187, 48.47466187]), array([73.75575961, 75.1310449 , 76.5063302 , 77.8816155 , 79.25690079,
       78.61142226, 79.98670755, 81.36199285, 82.73727814, 81.4277765 ,
       82.8030618 , 84.1783471 , 85.55363239])]","[[0.012436731718480587, 9.173469095458131e-08, 27.505705921127436], [0.040735602378845215, 4.2069480343798205e-08, 27.505705921127436], [0.33342114090919495, 2.4255507824477718e-08, 27.505705921127436]]",27.505705921127436,15,,5.253549670839447,test,6.348114710290873,8,"[1, 2, 1]",post
"[50.24, 50.290000000000006, 50.34, 50.39, 50.440000000000005, 50.49, 50.540000000000006, 50.59, 50.64, 50.69, 50.74, 50.790000000000006, 50.84, 50.89, 50.94, 50.99, 51.04]","[array([37.29949592, 37.29983067, 37.30016541, 37.30050016, 37.30083491,
       40.26593244, 40.26628176, 40.26663107, 40.26698039, 43.33595792,
       43.33622723, 43.33649655, 43.33676586, 47.2441239 , 47.24440154,
       47.24467919, 47.24495683]), array([43.13368486, 43.13368486, 43.13368487, 43.13368488, 43.13368489,
       46.03379577, 46.03379577, 46.03379577, 46.03379578, 49.5099576 ,
       49.5099576 , 49.5099576 , 49.5099576 , 53.37015338, 53.37015338,
       53.37015338, 53.37015338]), array([70.19815867, 71.57344397, 72.94872926, 74.32401456, 75.69929986,
       76.52793362, 77.90321892, 79.27850421, 80.65378951, 84.19889095,
       85.57417625, 86.94946155, 88.32474684, 91.29587569, 92.67116098,
       94.04644628, 95.42173158])]","[[0.006694929674267769, 1.90946181533036e-07, 27.505705921127436], [0.006986282300204039, 7.464225149078629e-08, 27.505705921127436], [0.005386270582675934, 1.0970611086236204e-08, 27.505705921127436], [0.005552870687097311, 2.4987238944618184e-09, 27.505705921127436]]",27.505705921127436,1,,8.259131614375768,test,6.348114710290873,8,"[1, 2, 1]",post
"[227.04, 227.09, 227.14, 227.19, 227.24, 227.29000000000002, 227.34, 227.39, 227.44, 227.49, 227.54000000000002, 227.59, 227.64000000000001, 227.69, 227.74, 227.79000000000002, 227.84]","[array([50.78102094, 50.78214938, 50.78327782, 50.78440626, 50.7855347 ,
       51.05052828, 51.05080638, 51.05108448, 51.05136258, 51.31955713,
       51.31963482, 51.31971252, 51.31979021, 51.58872831, 51.58874793,
       51.58876755, 51.58878717]), array([54.80184732, 54.80184918, 54.80185104, 54.8018529 , 54.80185477,
       57.17398722, 57.17398805, 57.17398888, 57.1739897 , 59.55413546,
       59.55413557, 59.55413568, 59.55413579, 62.36033432, 62.36033438,
       62.36033444, 62.36033449]), array([70.40541809, 71.78070339, 73.15598868, 74.53127398, 75.90655927,
       75.8911211 , 77.26640639, 78.64169169, 80.01697698, 82.6619164 ,
       84.03720169, 85.41248699, 86.78777228, 86.93249095, 88.30777625,
       89.68306154, 91.05834684])]","[[0.022568807005882263, 3.723576446645893e-05, 27.505705921127436], [0.005561955273151398, 1.655447886150796e-05, 27.505705921127436], [0.0015538816805928946, 2.1917894628131762e-06, 27.505705921127436], [0.0003924104094039649, 1.120486672334664e-06, 27.505705921127436]]",27.505705921127436,8,,2.4613006718490436,test,6.348114710290873,8,"[1, 2, 1]",post
"[215.24, 215.29000000000002, 215.34, 215.39, 215.44, 215.49, 215.54000000000002, 215.59, 215.64000000000001, 215.69, 215.74, 215.79000000000002, 215.84, 215.89, 215.94, 215.99, 216.04, 216.09, 216.14, 216.19, 216.24]","[array([34.8964952 , 34.89849983, 34.90050445, 34.90250908, 34.90451371,
       35.16629699, 35.16686953, 35.16744208, 35.16801462, 38.82525048,
       38.82696297, 38.82867546, 38.83038795, 44.63885096, 44.64996207,
       44.66107319, 44.6721843 , 47.22081858, 47.22379212, 47.22676566,
       47.2297392 ]), array([38.09751878, 38.09751882, 38.09751886, 38.0975189 , 38.09751895,
       40.18258191, 40.18258194, 40.18258198, 40.18258201, 42.24764966,
       42.24764969, 42.24764971, 42.24764974, 45.40376609, 45.40376611,
       45.40376614, 45.40376616, 49.86396315, 49.86396318, 49.86396321,
       49.86396324]), array([61.94269876, 63.31798406, 64.69326935, 66.06855465, 67.44383994,
       65.93219326, 67.30747856, 68.68276386, 70.05804915, 68.52240571,
       69.89769101, 71.27297631, 72.6482616 , 71.68069366, 73.05597895,
       74.43126425, 75.80654955, 75.8691203 , 77.2444056 , 78.6196909 ,
       79.99497619])]","[[0.04009250923991203, 8.327261866725166e-07, 27.505705921127436], [0.011450816877186298, 6.536194518957927e-07, 27.505705921127436], [0.03424984589219093, 5.140046255291963e-07, 27.505705921127436], [0.2222222238779068, 5.134945695317583e-07, 27.505705921127436], [0.059470802545547485, 5.814867449771555e-07, 27.505705921127436]]",27.505705921127436,5,,9.733904141752372,test,6.348114710290873,8,"[1, 2, 1]",post
"[243.44, 243.49, 243.54000000000002, 243.59, 243.64000000000001, 243.69, 243.74, 243.79000000000002, 243.84, 243.89, 243.94, 243.99, 244.04, 244.09, 244.14, 244.19, 244.24]","[array([53.06612961, 53.06660938, 53.06708915, 53.06756892, 53.06804869,
       56.7205212 , 56.72269284, 56.72486447, 56.7270361 , 61.34402756,
       61.35939817, 61.37476878, 61.39013939, 63.44054798, 63.44776974,
       63.45499151, 63.46221327]), array([58.34896867, 58.34897383, 58.34897899, 58.34898415, 58.34898931,
       59.80640109, 59.80640305, 59.80640502, 59.80640699, 61.61986367,
       61.61986467, 61.61986567, 61.61986667, 64.83092887, 64.83092985,
       64.83093083, 64.83093181]), array([71.8065619 , 73.18184719, 74.55713249, 75.93241778, 77.30770308,
       76.66921748, 78.04450277, 79.41978807, 80.79507336, 79.92958105,
       81.30486634, 82.68015164, 84.05543694, 83.18199532, 84.55728062,
       85.93256591, 87.30785121])]","[[0.009595431387424469, 0.00010322948219254613, 27.505705921127436], [0.04343264549970627, 3.932122126570903e-05, 27.505705921127436], [0.30741217732429504, 2.000194217544049e-05, 27.505705921127436], [0.14443527162075043, 1.962119495146908e-05, 27.505705921127436]]",27.505705921127436,11,,5.871309651351031,test,6.348114710290873,8,"[1, 2, 1]",post
"[5.399999999999989, 5.449999999999989, 5.499999999999989, 5.549999999999989, 5.599999999999989, 5.649999999999989, 5.699999999999989, 5.749999999999989, 5.799999999999989, 5.849999999999989, 5.89999999999999, 5.9499999999999895, 5.999999999999989]","[array([39.34308525, 39.3430853 , 39.34308535, 39.3430854 , 39.34308545,
       39.34308547, 39.34308548, 39.34308549, 39.34308551, 39.34308552,
       39.34308553, 39.34308554, 39.34308555]), array([63.37008187, 63.37393776, 63.37779364, 63.38164953, 63.38550541,
       63.38934441, 63.39318341, 63.39702241, 63.4008614 , 63.40857726,
       63.41629312, 63.42400898, 63.43172484]), array([65.77588481, 67.25852326, 68.74116171, 70.22380017, 71.70643862,
       73.18907707, 74.67171552, 76.15435397, 77.63699243, 79.11963088,
       80.60226933, 82.08490778, 83.56754624])]","[[1.0373306622568634e-06, 0.07711772620677948, 29.652769045298857], [2.68246338919198e-07, 0.07677993923425674, 29.652769045298857], [2.1233533686881856e-07, 0.15431717038154602, 29.652769045298857]]",29.652769045298857,0,15.0,69.70542787276834,train,65.77232246051592,9,"[1, 2, 1]",post
"[205.8, 205.85000000000002, 205.9, 205.95, 206.0, 206.05, 206.10000000000002, 206.15, 206.20000000000002]","[array([32.17447451, 32.17447494, 32.17447538, 32.17447581, 32.17447624,
       32.17447709, 32.17447793, 32.17447878, 32.17447962]), array([51.57846757, 51.57846942, 51.57847127, 51.57847312, 51.57847497,
       51.57847552, 51.57847607, 51.57847662, 51.57847718]), array([67.82496174, 69.1957014 , 70.56644107, 71.93718074, 73.30792041,
       74.67866007, 76.04939974, 77.42013941, 78.79087908])]","[[8.670183888170868e-06, 3.698777436511591e-05, 27.41479335371883], [1.691313627816271e-05, 1.101750422094483e-05, 27.41479335371883]]",27.41479335371883,8,15.0,7.7271793824979556,train,65.77232246051592,9,"[1, 2, 1]",post
"[37.79999999999999, 37.849999999999994, 37.89999999999999, 37.94999999999999, 37.99999999999999, 38.04999999999999, 38.099999999999994, 38.14999999999999, 38.19999999999999, 38.249999999999986, 38.29999999999999, 38.349999999999994, 38.39999999999999, 38.44999999999999, 38.49999999999999, 38.55, 38.599999999999994, 38.64999999999999, 38.69999999999999, 38.74999999999999, 38.79999999999999, 38.849999999999994, 38.89999999999999, 38.94999999999999, 38.99999999999999]","[array([35.4797897 , 35.4797958 , 35.47980189, 35.47980799, 35.47981409,
       35.47981786, 35.47982164, 35.47982541, 35.47982918, 35.47983343,
       35.47983768, 35.47984193, 35.47984618, 35.47984934, 35.47985251,
       35.47985567, 35.47985883, 35.47986165, 35.47986446, 35.47986728,
       35.47987009, 35.47987421, 35.47987832, 35.47988244, 35.47988655]), array([51.68630857, 51.68691993, 51.68753129, 51.68814266, 51.68875402,
       51.68977712, 51.69080022, 51.69182331, 51.69284641, 51.69327257,
       51.69369873, 51.69412489, 51.69455105, 51.69509114, 51.69563122,
       51.69617131, 51.69671139, 51.69778891, 51.69886642, 51.69994393,
       51.70102145, 51.70215114, 51.70328083, 51.70441052, 51.70554021]), array([57.69116027, 59.07097661, 60.45079294, 61.83060928, 63.21042562,
       64.59024195, 65.97005829, 67.34987462, 68.72969096, 70.10950729,
       71.48932363, 72.86913996, 74.2489563 , 75.62877263, 77.00858897,
       78.3884053 , 79.76822164, 81.14803798, 82.52785431, 83.90767065,
       85.28748698, 86.66730332, 88.04711965, 89.42693599, 90.80675232])]","[[0.00012196079478599131, 0.012227210216224194, 27.596326707587963], [7.54541324567981e-05, 0.02046199142932892, 27.596326707587963], [8.497879025526345e-05, 0.008523198775947094, 27.596326707587963], [6.329116149572656e-05, 0.010801687836647034, 27.596326707587963], [5.6290209613507614e-05, 0.021550282835960388, 27.596326707587963], [8.229412196669728e-05, 0.022593803703784943, 27.596326707587963]]",27.596326707587963,2,15.0,189.45910485530246,train,65.77232246051592,9,"[1, 2, 1]",post
"[117.80000000000001, 117.85000000000001, 117.9, 117.95, 118.0, 118.05, 118.1, 118.15, 118.2, 118.25, 118.30000000000001, 118.35000000000001, 118.4]","[array([26.17012148, 26.17016187, 26.17020226, 26.17024265, 26.17028303,
       26.17032244, 26.17036184, 26.17040125, 26.17044065, 26.17046046,
       26.17048026, 26.17050006, 26.17051986]), array([38.12400116, 38.12400119, 38.12400122, 38.12400125, 38.12400128,
       38.12400129, 38.12400131, 38.12400132, 38.12400133, 38.12400135,
       38.12400136, 38.12400138, 38.12400139]), array([67.85743063, 69.4131268 , 70.96882297, 72.52451914, 74.08021531,
       75.63591148, 77.19160765, 78.74730382, 80.30299999, 81.85869615,
       83.41439232, 84.97008849, 86.52578466])]","[[0.0008077528909780085, 5.598845405074826e-07, 31.113923382049844], [0.0007880874327383935, 2.90136398461982e-07, 31.113923382049844], [0.0003960606118198484, 2.7372962563276815e-07, 31.113923382049844]]",31.113923382049844,4,15.0,65.2494043661002,train,65.77232246051592,9,"[1, 2, 1]",post
"[44.39999999999999, 44.44999999999999, 44.49999999999999, 44.55, 44.599999999999994, 44.64999999999999, 44.69999999999999, 44.74999999999999, 44.79999999999999]","[array([36.53253205, 36.53256988, 36.53260771, 36.53264554, 36.53268337,
       36.53272825, 36.53277313, 36.53281801, 36.53286289]), array([48.74536607, 48.74536629, 48.7453665 , 48.74536672, 48.74536693,
       48.74536722, 48.74536751, 48.7453678 , 48.74536809]), array([73.67300816, 74.94658468, 76.22016119, 77.49373771, 78.76731423,
       80.04089075, 81.31446726, 82.58804378, 83.8616203 ])]","[[0.0007566072163172066, 4.291779987397604e-06, 25.47153034416021], [0.000897613528650254, 5.792031970486278e-06, 25.47153034416021]]",25.47153034416021,3,15.0,29.265161509657585,train,65.77232246051592,9,"[1, 2, 1]",post
"[120.2, 120.25, 120.30000000000001, 120.35000000000001, 120.4, 120.45, 120.5, 120.55000000000001, 120.60000000000001]","[array([12.48364847, 12.48364879, 12.4836491 , 12.48364942, 12.48364973,
       12.48365017, 12.48365062, 12.48365106, 12.48365151]), array([36.47832387, 36.47832388, 36.47832389, 36.4783239 , 36.47832391,
       36.47832392, 36.47832393, 36.47832394, 36.47832395]), array([69.03897263, 70.48888444, 71.93879625, 73.38870806, 74.83861987,
       76.28853168, 77.73844349, 79.1883553 , 80.63826711])]","[[6.281136393226916e-06, 1.9963027853009407e-07, 28.99823619462191], [8.891024663171265e-06, 2.11094899782438e-07, 28.99823619462191]]",28.99823619462191,6,15.0,33.2276567767691,train,65.77232246051592,9,"[1, 2, 1]",post
"[121.4, 121.45, 121.5, 121.55000000000001, 121.60000000000001, 121.65, 121.70000000000002, 121.75000000000001, 121.80000000000001, 121.85000000000001, 121.9, 121.95, 122.0]","[array([41.88815277, 41.89566114, 41.90316951, 41.91067788, 41.91818625,
       46.66793626, 46.67098058, 46.67402489, 46.67706921, 51.20047203,
       51.20301998, 51.20556793, 51.20811588]), array([43.63086318, 43.63086343, 43.63086367, 43.63086392, 43.63086416,
       49.89976799, 49.89976826, 49.89976852, 49.89976879, 54.73454557,
       54.73454581, 54.73454605, 54.73454629]), array([68.23688061, 69.65561043, 71.07434026, 72.49307008, 73.91179991,
       75.69750293, 77.11623275, 78.53496258, 79.9536924 , 80.84660128,
       82.2653311 , 83.68406093, 85.10279075])]","[[0.15016737580299377, 4.910211828246247e-06, 28.374596504572935], [0.06088629737496376, 5.3803423725184985e-06, 28.374596504572935], [0.05095904320478439, 4.740551048598718e-06, 28.374596504572935]]",28.374596504572935,7,,13.38655807302145,test,12.86248058342852,9,"[1, 2, 1]",post
"[20.79999999999999, 20.84999999999999, 20.89999999999999, 20.94999999999999, 20.99999999999999, 21.04999999999999, 21.099999999999987, 21.149999999999988, 21.19999999999999]","[array([40.30266768, 40.30978705, 40.31690642, 40.32402579, 40.33114516,
       46.1161665 , 46.1258888 , 46.13561111, 46.14533342]), array([42.13244704, 42.13244714, 42.13244724, 42.13244735, 42.13244745,
       47.42549244, 47.42549251, 47.42549258, 47.42549266]), array([68.92500265, 70.34373248, 71.7624623 , 73.18119213, 74.59992195,
       76.49578841, 77.91451823, 79.33324806, 80.75197789])]","[[0.14238739013671875, 2.035656734733493e-06, 28.374596504572935], [0.19444619119167328, 1.4404602097783936e-06, 28.374596504572935]]",28.374596504572935,1,,14.051834739568093,test,12.86248058342852,9,"[1, 2, 1]",post
"[119.2, 119.25, 119.30000000000001, 119.35000000000001, 119.4, 119.45, 119.5, 119.55000000000001, 119.60000000000001]","[array([43.36125039, 43.36125575, 43.36126111, 43.36126647, 43.36127182,
       48.00214443, 48.00215009, 48.00215575, 48.00216142]), array([60.33103052, 60.33104124, 60.33105196, 60.33106268, 60.3310734 ,
       64.83517344, 64.83518082, 64.83518819, 64.83519557]), array([75.59789827, 77.0166281 , 78.43535792, 79.85408775, 81.27281757,
       82.43703612, 83.85576595, 85.27449577, 86.6932256 ])]","[[0.00010715670214267448, 0.0002144048921763897, 28.374596504572935], [0.00011327584070386365, 0.0001475382159696892, 28.374596504572935]]",28.374596504572935,5,,11.149048937696017,test,12.86248058342852,9,"[1, 2, 1]",post
