t_list,x_list,v_list,v0,n_scn,iter,mse,type,mse_mean,N. file,DOE,processed
"[239.84, 239.89, 239.94, 239.99, 240.04, 240.09, 240.14, 240.19, 240.24]","[array([48.59390635, 48.75560864, 48.91731093, 49.07901321, 49.2407155 ,
       49.40542532, 49.57013514, 49.73484496, 49.89955477]), array([52.1040819 , 52.78595432, 53.46782673, 54.14969915, 54.83157156,
       55.69559944, 56.55962733, 57.42365521, 58.28768309]), array([83.16761012, 84.66761012, 86.16761012, 87.66761012, 89.16761012,
       90.66761012, 92.16761012, 93.66761012, 95.16761012])]","[[3.2340457439422607, 13.63744831085205, 30.0], [3.294196367263794, 17.28055763244629, 30.0]]",30.0,10,1.0,3.9724142960841,train,36.84265948673541,8,"[1, 10, 1]",post
"[350.64, 350.69, 350.74, 350.78999999999996, 350.84, 350.89, 350.93999999999994, 350.98999999999995, 351.03999999999996, 351.09, 351.14, 351.19, 351.24, 351.28999999999996, 351.34, 351.39, 351.43999999999994, 351.48999999999995, 351.53999999999996, 351.59, 351.64]","[array([34.07341644, 34.21706616, 34.36071588, 34.5043656 , 34.64801532,
       34.75846986, 34.86892439, 34.97937893, 35.08983346, 35.3182979 ,
       35.54676234, 35.77522677, 36.00369121, 36.312229  , 36.62076679,
       36.92930459, 37.23784238, 37.54356633, 37.84929029, 38.15501424,
       38.46073819]), array([36.10997558, 36.79214178, 37.47430797, 38.15647417, 38.83864036,
       39.55284524, 40.26705013, 40.98125501, 41.6954599 , 42.4315764 ,
       43.1676929 , 43.90380941, 44.63992591, 45.72684341, 46.81376091,
       47.9006784 , 48.9875959 , 50.11223198, 51.23686805, 52.36150413,
       53.48614021]), array([60.45659703, 61.95659703, 63.45659703, 64.95659703, 66.45659703,
       67.95659703, 69.45659703, 70.95659703, 72.45659703, 73.95659703,
       75.45659703, 76.95659703, 78.45659703, 79.95659703, 81.45659703,
       82.95659703, 84.45659703, 85.95659703, 87.45659703, 88.95659703,
       90.45659703])]","[[2.8729944229125977, 13.64332389831543, 30.0], [2.2090907096862793, 14.284097671508789, 30.0], [4.569288730621338, 14.722330093383789, 30.0], [6.170755863189697, 21.73834991455078, 30.0], [6.114479064941406, 22.492721557617188, 30.0]]",30.0,14,1.0,16.12490720122672,train,36.84265948673541,8,"[1, 10, 1]",post
"[593.04, 593.0899999999999, 593.14, 593.19, 593.24, 593.29, 593.3399999999999, 593.39, 593.4399999999999, 593.49, 593.54, 593.5899999999999, 593.64, 593.69, 593.74, 593.79, 593.84, 593.89, 593.94, 593.99, 594.04, 594.0899999999999, 594.14, 594.19, 594.24, 594.29, 594.3399999999999, 594.39, 594.4399999999999]","[array([32.21455126, 32.54035376, 32.86615625, 33.19195874, 33.51776123,
       34.00458894, 34.49141665, 34.97824436, 35.46507206, 36.20957513,
       36.9540782 , 37.69858127, 38.44308434, 39.36269236, 40.28230038,
       41.2019084 , 42.12151642, 43.19034729, 44.25917817, 45.32800904,
       46.39683991, 47.62369404, 48.85054818, 50.07740231, 51.30425644,
       52.57512455, 53.84599266, 55.11686078, 56.38772889]), array([39.65356444, 40.02269214, 40.39181985, 40.76094755, 41.13007525,
       41.65878628, 42.18749732, 42.71620835, 43.24491938, 43.97807902,
       44.71123866, 45.44439829, 46.17755793, 46.94039172, 47.7032255 ,
       48.46605929, 49.22889308, 49.95896591, 50.68903874, 51.41911157,
       52.1491844 , 52.83826851, 53.52735261, 54.21643671, 54.90552081,
       55.60972417, 56.31392754, 57.01813091, 57.72233428]), array([48.64190589, 50.14190589, 51.64190589, 53.14190589, 54.64190589,
       56.14190589, 57.64190589, 59.14190589, 60.64190589, 62.14190589,
       63.64190589, 65.14190589, 66.64190589, 68.14190589, 69.64190589,
       71.14190589, 72.64190589, 74.14190589, 75.64190589, 77.14190589,
       78.64190589, 80.14190589, 81.64190589, 83.14190589, 84.64190589,
       86.14190589, 87.64190589, 89.14190589, 90.64190589])]","[[6.516049861907959, 7.382554054260254, 30.0], [9.736554145812988, 10.574220657348633, 30.0], [14.890061378479004, 14.663192749023438, 30.0], [18.392160415649414, 15.256675720214844, 30.0], [21.376617431640625, 14.601456642150879, 30.0], [24.53708267211914, 13.781682014465332, 30.0], [25.417362213134766, 14.084067344665527, 30.0]]",30.0,19,1.0,41.77663439618693,train,36.84265948673541,8,"[1, 10, 1]",post
"[222.64000000000001, 222.69, 222.74, 222.79000000000002, 222.84, 222.89, 222.94, 222.99, 223.04, 223.09, 223.14, 223.19, 223.24, 223.29000000000002, 223.34, 223.39, 223.44]","[array([44.44424043, 44.44424043, 44.44424043, 44.44424043, 44.44424043,
       44.629568  , 44.81489556, 45.00022313, 45.18555069, 45.42460764,
       45.66366458, 45.90272153, 46.14177847, 46.4188876 , 46.69599672,
       46.97310584, 47.25021496]), array([44.85797744, 47.32201706, 49.78605667, 52.25009628, 54.71413589,
       56.44703403, 58.17993217, 59.91283031, 61.64572845, 63.03197971,
       64.41823097, 65.80448223, 67.19073349, 68.38313909, 69.5755447 ,
       70.7679503 , 71.96035591]), array([75.50795893, 77.00795893, 78.50795893, 80.00795893, 81.50795893,
       83.00795893, 84.50795893, 86.00795893, 87.50795893, 89.00795893,
       90.50795893, 92.00795893, 93.50795893, 95.00795893, 96.50795893,
       98.00795893, 99.50795893])]","[[0.0, 49.280792236328125, 30.0], [3.7065513134002686, 34.657962799072266, 30.0], [4.781138896942139, 27.725025177001953, 30.0], [5.542182445526123, 23.848112106323242, 30.0]]",30.0,6,1.0,85.49668205344388,train,36.84265948673541,8,"[1, 10, 1]",post
"[36.44, 36.489999999999995, 36.54, 36.59, 36.64, 36.69, 36.74, 36.790000000000006, 36.84, 36.89, 36.94, 36.99, 37.04]","[array([30.03133363, 30.30095834, 30.57058305, 30.84020776, 31.10983247,
       33.54022221, 33.76304547, 33.98586873, 34.208692  , 37.17227946,
       37.31707064, 37.46186181, 37.60665299]), array([35.18261507, 36.2843972 , 37.38617933, 38.48796146, 39.58974359,
       37.97122327, 39.11978999, 40.26835671, 41.41692344, 39.40473372,
       40.62677361, 41.8488135 , 43.07085339]), array([69.58134328, 71.08134328, 72.58134328, 74.08134328, 75.58134328,
       74.32965871, 75.82965871, 77.32965871, 78.82965871, 78.21208386,
       79.71208386, 81.21208386, 82.71208386])]","[[5.392494201660156, 22.035642623901367, 30.0], [4.456465244293213, 22.97133445739746, 30.0], [2.8958234786987305, 24.440797805786133, 30.0]]",30.0,0,,5.253738299528025,test,3.2940309013632625,8,"[1, 10, 1]",post
"[477.84, 477.89, 477.93999999999994, 477.98999999999995, 478.03999999999996, 478.09, 478.14, 478.19, 478.24, 478.29, 478.34000000000003, 478.39, 478.44, 478.49, 478.53999999999996, 478.59, 478.64, 478.69, 478.74, 478.78999999999996, 478.84]","[array([19.1252018 , 19.71236958, 20.29953737, 20.88670516, 21.47387295,
       23.2801352 , 23.85503783, 24.42994046, 25.00484309, 26.88020792,
       27.45114011, 28.02207231, 28.59300451, 31.07845171, 31.65756042,
       32.23666914, 32.81577785, 35.02361265, 35.58780046, 36.15198827,
       36.71617609]), array([35.66345425, 36.59543667, 37.52741909, 38.45940151, 39.39138393,
       39.76946763, 40.72739658, 41.68532552, 42.64325446, 43.2362514 ,
       44.19685139, 45.15745139, 46.11805138, 47.7412696 , 48.72871285,
       49.71615611, 50.70359937, 51.20913325, 52.23028689, 53.25144053,
       54.27259417]), array([64.20887785, 65.70887785, 67.20887785, 68.70887785, 70.20887785,
       69.75322067, 71.25322067, 72.75322067, 74.25322067, 73.30955707,
       74.80955707, 76.30955707, 77.80955707, 78.71415009, 80.21415009,
       81.71415009, 83.21415009, 83.31069917, 84.81069917, 86.31069917,
       87.81069917])]","[[11.743355751037598, 18.6396484375, 30.0], [11.498052597045898, 19.158578872680664, 30.0], [11.418643951416016, 19.211999893188477, 30.0], [11.582174301147461, 19.748865127563477, 30.0], [11.283756256103516, 20.423072814941406, 30.0]]",30.0,17,,1.6038429963196215,test,3.2940309013632625,8,"[1, 10, 1]",post
"[368.84, 368.89, 368.93999999999994, 368.98999999999995, 369.03999999999996, 369.09, 369.14, 369.19, 369.24, 369.28999999999996, 369.34, 369.39, 369.43999999999994]","[array([40.1943434 , 40.45679891, 40.71925442, 40.98170994, 41.24416545,
       43.89753127, 44.11060037, 44.32366948, 44.53673858, 48.41316603,
       48.51826728, 48.62336853, 48.72846978]), array([45.08792954, 46.02345448, 46.95897942, 47.89450436, 48.8300293 ,
       47.84791789, 48.83283391, 49.81774993, 50.80266595, 49.49451298,
       50.51436409, 51.5342152 , 52.55406631]), array([73.75575961, 75.25575961, 76.75575961, 78.25575961, 79.75575961,
       78.73613696, 80.23613696, 81.73613696, 83.23613696, 81.55249121,
       83.05249121, 84.55249121, 86.05249121])]","[[5.249110221862793, 18.710498809814453, 30.0], [4.261382102966309, 19.698320388793945, 30.0], [2.102025032043457, 20.397022247314453, 30.0]]",30.0,15,,4.186498283281332,test,3.2940309013632625,8,"[1, 10, 1]",post
"[50.24, 50.290000000000006, 50.34, 50.39, 50.440000000000005, 50.49, 50.540000000000006, 50.59, 50.64, 50.69, 50.74, 50.790000000000006, 50.84, 50.89, 50.94, 50.99, 51.04]","[array([37.29949592, 37.58799396, 37.87649201, 38.16499005, 38.4534881 ,
       40.55226335, 40.83894357, 41.12562379, 41.41230401, 43.63354525,
       43.93140189, 44.22925853, 44.52711517, 47.54038399, 47.83692172,
       48.13345946, 48.42999719]), array([43.13368486, 44.02284253, 44.91200021, 45.80115789, 46.69031556,
       46.98237631, 47.93095686, 48.87953742, 49.82811797, 50.58020439,
       51.65045118, 52.72069797, 53.79094476, 54.53453985, 55.69892631,
       56.86331277, 58.02769924]), array([70.19815867, 71.69815867, 73.19815867, 74.69815867, 76.19815867,
       76.65264832, 78.15264832, 79.65264832, 81.15264832, 84.32360566,
       85.82360566, 87.32360566, 88.82360566, 91.42059039, 92.92059039,
       94.42059039, 95.92059039])]","[[5.769960880279541, 17.783153533935547, 30.0], [5.733604431152344, 18.97161102294922, 30.0], [5.957132816314697, 21.404935836791992, 30.0], [5.930754661560059, 23.287729263305664, 30.0]]",30.0,1,,2.679590196518729,test,3.2940309013632625,8,"[1, 10, 1]",post
"[227.04, 227.09, 227.14, 227.19, 227.24, 227.29000000000002, 227.34, 227.39, 227.44, 227.49, 227.54000000000002, 227.59, 227.64000000000001, 227.69, 227.74, 227.79000000000002, 227.84]","[array([50.78102094, 51.01883286, 51.25664478, 51.49445671, 51.73226863,
       51.34671723, 51.64318427, 51.93965131, 52.23611835, 51.67398195,
       52.02848446, 52.38298697, 52.73748948, 52.01349649, 52.4382843 ,
       52.86307211, 53.28785992]), array([54.80184732, 55.36249242, 55.92313753, 56.48378263, 57.04442773,
       57.7840077 , 58.394029  , 59.00405031, 59.61407161, 60.28969892,
       61.02526248, 61.76082604, 62.49638961, 63.13797642, 63.91561858,
       64.69326073, 65.47090289]), array([70.40541809, 71.90541809, 73.40541809, 74.90541809, 76.40541809,
       76.0158358 , 77.5158358 , 79.0158358 , 80.5158358 , 82.7866311 ,
       84.2866311 , 85.7866311 , 87.2866311 , 87.05720565, 88.55720565,
       90.05720565, 91.55720565])]","[[4.7562384605407715, 11.212902069091797, 30.0], [5.929340839385986, 12.20042610168457, 30.0], [7.090050220489502, 14.711271286010742, 30.0], [8.495756149291992, 15.55284309387207, 30.0]]",30.0,8,,0.8855561443738166,test,3.2940309013632625,8,"[1, 10, 1]",post
"[215.24, 215.29000000000002, 215.34, 215.39, 215.44, 215.49, 215.54000000000002, 215.59, 215.64000000000001, 215.69, 215.74, 215.79000000000002, 215.84, 215.89, 215.94, 215.99, 216.04, 216.09, 216.14, 216.19, 216.24]","[array([34.8964952 , 35.11024323, 35.32399126, 35.53773928, 35.75148731,
       35.43161374, 35.69750303, 35.96339231, 36.2292816 , 39.04395987,
       39.26438176, 39.48480364, 39.70522553, 44.75776281, 44.88778576,
       45.01780872, 45.14783167, 47.41443816, 47.61103128, 47.8076244 ,
       48.00421751]), array([38.09751878, 38.89381738, 39.69011598, 40.48641458, 41.28271318,
       40.99411933, 41.80565679, 42.61719425, 43.4287317 , 43.07432047,
       43.90099131, 44.72766215, 45.55433298, 46.23049956, 47.05723305,
       47.88396654, 48.71070004, 50.68286352, 51.50176391, 52.32066431,
       53.1395647 ]), array([61.94269876, 63.44269876, 64.94269876, 66.44269876, 67.94269876,
       66.05690797, 67.55690797, 69.05690797, 70.55690797, 68.64712042,
       70.14712042, 71.64712042, 73.14712042, 71.80540836, 73.30540836,
       74.80540836, 76.30540836, 75.99383501, 77.49383501, 78.99383501,
       80.49383501])]","[[4.274960517883301, 15.925971984863281, 30.0], [5.317785739898682, 16.230749130249023, 30.0], [4.408437728881836, 16.533416748046875, 30.0], [2.600459098815918, 16.534669876098633, 30.0], [3.9318623542785645, 16.378007888793945, 30.0]]",30.0,5,,5.326812015752566,test,3.2940309013632625,8,"[1, 10, 1]",post
"[243.44, 243.49, 243.54000000000002, 243.59, 243.64000000000001, 243.69, 243.74, 243.79000000000002, 243.84, 243.89, 243.94, 243.99, 244.04, 244.09, 244.14, 244.19, 244.24]","[array([53.06612961, 53.33940224, 53.61267488, 53.88594751, 54.15922014,
       56.92867362, 57.13899767, 57.34932172, 57.55964577, 61.43895342,
       61.54924988, 61.65954635, 61.76984281, 63.58721534, 63.74110446,
       63.89499358, 64.0488827 ]), array([58.34896867, 58.84899089, 59.34901311, 59.84903533, 60.34905755,
       60.3637561 , 60.92111308, 61.47847006, 62.03582703, 62.21829192,
       62.81672117, 63.41515042, 64.01357967, 65.43053307, 66.03013824,
       66.62974342, 67.2293486 ]), array([71.8065619 , 73.3065619 , 74.8065619 , 76.3065619 , 77.8065619 ,
       76.79393218, 78.29393218, 79.79393218, 81.29393218, 80.05429575,
       81.55429575, 83.05429575, 84.55429575, 83.30671003, 84.80671003,
       86.30671003, 87.80671003])]","[[5.465452671051025, 10.000444412231445, 30.0], [4.206480979919434, 11.147139549255371, 30.0], [2.2059292793273926, 11.968585014343262, 30.0], [3.077782392501831, 11.992103576660156, 30.0]]",30.0,11,,3.720251764644891,test,3.2940309013632625,8,"[1, 10, 1]",post
"[108.84000000000002, 108.89000000000001, 108.94000000000001, 108.99000000000001, 109.04, 109.09, 109.14000000000001, 109.19000000000001, 109.24000000000001, 109.29, 109.34, 109.39000000000001, 109.44000000000001]","[array([54.84994721, 55.07890594, 55.30786466, 55.53682339, 55.76578212,
       58.72402508, 59.00188689, 59.2797487 , 59.55761051, 61.63184141,
       61.95701525, 62.28218908, 62.60736291]), array([58.56445969, 59.06655224, 59.5686448 , 60.07073735, 60.5728299 ,
       64.36748565, 64.84012426, 65.31276287, 65.78540147, 68.91753034,
       69.35982512, 69.80211991, 70.2444147 ]), array([72.09558373, 73.59558373, 75.09558373, 76.59558373, 78.09558373,
       77.87803698, 79.37803698, 80.87803698, 82.37803698, 81.37445414,
       82.87445414, 84.37445414, 85.87445414])]","[[4.579174518585205, 10.041851043701172, 30.0], [5.557236194610596, 9.45277214050293, 30.0], [6.503476619720459, 8.845895767211914, 30.0]]",30.0,3,,4.497764721009009,test,3.2940309013632625,8,"[1, 10, 1]",post
"[522.64, 522.6899999999999, 522.74, 522.79, 522.8399999999999, 522.8899999999999, 522.9399999999999, 522.99, 523.04]","[array([19.0733761 , 19.60946523, 20.14555437, 20.6816435 , 21.21773263,
       21.02275092, 21.61511504, 22.20747916, 22.79984328]), array([33.80940886, 34.95480147, 36.10019408, 37.24558668, 38.39097929,
       38.36027246, 39.56905132, 40.77783018, 41.98660903]), array([69.70735711, 71.20735711, 72.70735711, 74.20735711, 75.70735711,
       76.72591319, 78.22591319, 79.72591319, 81.22591319])]","[[10.721782684326172, 22.907852172851562, 30.0], [11.847282409667969, 24.17557716369629, 30.0]]",30.0,18,,0.7596076371011978,test,3.2940309013632625,8,"[1, 10, 1]",post
"[414.43999999999994, 414.48999999999995, 414.53999999999996, 414.59, 414.64, 414.69, 414.74, 414.78999999999996, 414.84]","[array([15.62518069, 16.70528018, 17.78537967, 18.86547916, 19.94557864,
       21.8117332 , 22.88225074, 23.95276828, 25.02328582]), array([49.2779378 , 50.25732794, 51.23671808, 52.21610823, 53.19549837,
       55.00109518, 55.93800381, 56.87491244, 57.81182106]), array([79.46040868, 80.96040868, 82.46040868, 83.96040868, 85.46040868,
       84.27982803, 85.77982803, 87.27982803, 88.77982803])]","[[21.60198974609375, 19.58780288696289, 30.0], [21.410350799560547, 18.73817253112793, 30.0]]",30.0,16,,3.2004986082043416,test,3.2940309013632625,8,"[1, 10, 1]",post
"[290.84000000000003, 290.89000000000004, 290.94000000000005, 290.99, 291.04, 291.09000000000003, 291.14, 291.19, 291.24, 291.29, 291.34000000000003, 291.39000000000004, 291.44000000000005]","[array([20.18738595, 20.93368126, 21.67997657, 22.42627188, 23.17256719,
       23.13218595, 23.94196865, 24.75175134, 25.56153404, 25.08047584,
       25.94352649, 26.80657715, 27.6696278 ]), array([42.29365145, 43.35979144, 44.42593142, 45.4920714 , 46.55821139,
       47.71760423, 48.79938715, 49.88117006, 50.96295297, 51.54758763,
       52.71718573, 53.88678384, 55.05638194]), array([75.46593632, 76.96593632, 78.46593632, 79.96593632, 81.46593632,
       81.84650876, 83.34650876, 84.84650876, 86.34650876, 88.6074245 ,
       90.1074245 , 91.6074245 , 93.1074245 ])]","[[14.92590618133545, 21.322799682617188, 30.0], [16.195653915405273, 21.635658264160156, 30.0], [17.26101303100586, 23.3919620513916, 30.0]]",30.0,13,,1.7475912478729334,test,3.2940309013632625,8,"[1, 10, 1]",post
"[102.24000000000001, 102.29, 102.34, 102.39000000000001, 102.44000000000001, 102.49000000000001, 102.54000000000002, 102.59000000000002, 102.64000000000001, 102.69000000000001, 102.74000000000001, 102.79000000000002, 102.84000000000002, 102.89000000000001, 102.94000000000001, 102.99000000000001, 103.04]","[array([44.34172903, 44.72110336, 45.1004777 , 45.47985204, 45.85922637,
       49.23956288, 49.58120509, 49.9228473 , 50.26448951, 53.84986942,
       54.12957781, 54.40928619, 54.68899458, 57.9623733 , 58.25234205,
       58.54231081, 58.83227956]), array([53.47732555, 53.90618021, 54.33503486, 54.76388952, 55.19274417,
       57.22719174, 57.78887201, 58.35055228, 58.91223255, 59.70618935,
       60.32670689, 60.94722443, 61.56774196, 64.22264312, 64.88529013,
       65.54793714, 66.21058415]), array([64.39488833, 65.89488833, 67.39488833, 68.89488833, 70.39488833,
       73.80560485, 75.30560485, 76.80560485, 78.30560485, 78.29608783,
       79.79608783, 81.29608783, 82.79608783, 84.2468202 , 85.7468202 ,
       87.2468202 , 88.7468202 ])]","[[7.587486743927002, 8.577093124389648, 30.0], [6.832844257354736, 11.23360538482666, 30.0], [5.594167709350586, 12.410350799560547, 30.0], [5.799375057220459, 13.25294017791748, 30.0]]",30.0,2,,3.7483016382388197,test,3.2940309013632625,8,"[1, 10, 1]",post
"[237.64000000000001, 237.69, 237.74, 237.79000000000002, 237.84, 237.89, 237.94, 237.99, 238.04]","[array([34.19418497, 35.02834797, 35.86251096, 36.69667396, 37.53083696,
       38.54479065, 39.33530937, 40.12582808, 40.91634679]), array([59.35351445, 59.68344211, 60.01336976, 60.34329742, 60.67322508,
       61.82722048, 62.25577907, 62.68433766, 63.11289625]), array([66.69507987, 68.19507987, 69.69507987, 71.19507987, 72.69507987,
       73.80560485, 75.30560485, 76.80560485, 78.30560485])]","[[16.683259963989258, 6.59855318069458, 30.0], [15.81037425994873, 8.571171760559082, 30.0]]",30.0,9,,0.2509804964051567,test,3.2940309013632625,8,"[1, 10, 1]",post
"[256.44000000000005, 256.49000000000007, 256.5400000000001, 256.59000000000003, 256.64000000000004, 256.69000000000005, 256.74, 256.79, 256.84000000000003, 256.89000000000004, 256.94000000000005, 256.99, 257.04, 257.09000000000003, 257.14, 257.19, 257.24]","[array([44.43890326, 44.53761096, 44.63631866, 44.73502636, 44.83373406,
       46.05576981, 46.17603002, 46.29629024, 46.41655045, 48.67503228,
       48.79598791, 48.91694354, 49.03789918, 51.02084787, 51.18250548,
       51.34416308, 51.50582069]), array([44.45345172, 44.55936495, 44.66527819, 44.77119142, 44.87710466,
       46.6614419 , 46.85389685, 47.0463518 , 47.23880674, 49.34658976,
       49.58853036, 49.83047095, 50.07241155, 52.71837691, 52.96693164,
       53.21548637, 53.4640411 ]), array([44.63945743, 45.38889448, 46.13833152, 46.88776857, 47.63720561,
       49.71022499, 50.43480599, 51.159387  , 51.883968  , 53.96079611,
       54.65173453, 55.34267296, 56.03361138, 57.54504243, 58.22201873,
       58.89899502, 59.57597132]), array([66.85510776, 68.35510776, 69.85510776, 71.35510776, 72.85510776,
       71.83540911, 73.33540911, 74.83540911, 76.33540911, 74.94573366,
       76.44573366, 77.94573366, 79.44573366, 78.05605822, 79.55605822,
       81.05605822, 82.55605822])]","[[1.974153995513916, 2.118264675140381, 14.988740921020508, 30.0], [2.4052042961120605, 3.8490989208221436, 14.491620063781738, 30.0], [2.4191126823425293, 4.838811874389648, 13.818768501281738, 30.0], [3.233152151107788, 4.971094608306885, 13.539525985717773, 30.0]]",30.0,20,,3.095308665927395,test,3.2940309013632625,8,"[1, 10, 1]",post
"[130.04, 130.09, 130.14, 130.19, 130.24, 130.29000000000002, 130.34, 130.39, 130.44]","[array([33.52257836, 34.69355691, 35.86453546, 37.035514  , 38.20649255,
       39.476528  , 40.63435538, 41.79218276, 42.95001013]), array([70.299416  , 70.61602317, 70.93263033, 71.2492375 , 71.56584466,
       75.06228008, 75.48071041, 75.89914074, 76.31757107]), array([77.15612947, 78.65612947, 80.15612947, 81.65612947, 83.15612947,
       86.68715306, 88.18715306, 89.68715306, 91.18715306])]","[[23.419570922851562, 6.332143306732178, 30.0], [23.15654754638672, 8.368606567382812, 30.0]]",30.0,4,,3.861277852760946,test,3.2940309013632625,8,"[1, 10, 1]",post
"[251.64000000000001, 251.69, 251.74, 251.79000000000002, 251.84, 251.89, 251.94, 251.99, 252.04, 252.09, 252.14, 252.19, 252.24, 252.29000000000002, 252.34, 252.39, 252.44, 252.49, 252.54000000000002, 252.59, 252.64000000000001]","[array([22.20522727, 23.55593756, 24.90664786, 26.25735816, 27.60806845,
       26.4369873 , 27.80471477, 29.17244224, 30.54016971, 30.48933046,
       31.84134195, 33.19335344, 34.54536493, 34.65017729, 35.97695436,
       37.30373144, 38.63050852, 38.75711157, 40.05872386, 41.36033614,
       42.66194842]), array([65.14310879, 65.36701958, 65.59093036, 65.81484115, 66.03875193,
       68.8174848 , 69.04555944, 69.27363409, 69.50170874, 72.36613555,
       72.61254165, 72.85894775, 73.10535385, 75.70584078, 75.96960252,
       76.23336425, 76.49712599, 79.00182804, 79.29121984, 79.58061165,
       79.87000345]), array([68.68525952, 70.18525952, 71.68525952, 73.18525952, 74.68525952,
       73.7736078 , 75.2736078 , 76.7736078 , 78.2736078 , 77.94205313,
       79.44205313, 80.94205313, 82.44205313, 81.88252203, 83.38252203,
       84.88252203, 86.38252203, 86.07907634, 87.57907634, 89.07907634,
       90.57907634])]","[[27.014205932617188, 4.47821569442749, 30.0], [27.354549407958984, 4.561492919921875, 30.0], [27.04022979736328, 4.928122043609619, 30.0], [26.535541534423828, 5.275234699249268, 30.0], [26.032245635986328, 5.787836074829102, 30.0]]",30.0,12,,4.147024718165148,test,3.2940309013632625,8,"[1, 10, 1]",post
"[225.24, 225.29000000000002, 225.34, 225.39, 225.44, 225.49, 225.54000000000002, 225.59, 225.64000000000001, 225.69, 225.74, 225.79000000000002, 225.84, 225.89, 225.94, 225.99, 226.04, 226.09, 226.14, 226.19, 226.24]","[array([35.10710391, 35.60130819, 36.09551247, 36.58971676, 37.08392104,
       37.52365879, 37.97016758, 38.41667637, 38.86318516, 39.72928601,
       40.12035983, 40.51143366, 40.90250748, 42.12405913, 42.45483315,
       42.78560717, 43.11638119, 45.30182281, 45.54989348, 45.79796415,
       46.04603481]), array([48.35795769, 49.12003445, 49.88211121, 50.64418797, 51.40626473,
       49.46146266, 50.29573838, 51.13001411, 51.96428983, 49.7975153 ,
       50.69861441, 51.59971352, 52.50081263, 50.1323232 , 51.09900096,
       52.06567872, 53.03235648, 50.46726109, 51.49964749, 52.53203388,
       53.56442028]), array([71.01349684, 72.51349684, 74.01349684, 75.51349684, 77.01349684,
       75.29042834, 76.79042834, 78.29042834, 79.79042834, 77.87406205,
       79.37406205, 80.87406205, 82.37406205, 80.40937132, 81.90937132,
       83.40937132, 84.90937132, 82.94468058, 84.44468058, 85.94468058,
       87.44468058])]","[[9.884085655212402, 15.241535186767578, 30.0], [8.93017578125, 16.685514450073242, 30.0], [7.821476459503174, 18.021982192993164, 30.0], [6.615480422973633, 19.333555221557617, 30.0], [4.961413383483887, 20.647727966308594, 30.0]]",30.0,7,,7.033880037071536,test,3.2940309013632625,8,"[1, 10, 1]",post
"[120.2, 120.25, 120.30000000000001, 120.35000000000001, 120.4, 120.45, 120.5, 120.55000000000001, 120.60000000000001]","[array([12.48364847, 13.28425129, 14.08485411, 14.88545693, 15.68605974,
       16.52072342, 17.3553871 , 18.19005077, 19.02471445]), array([36.47832387, 37.52670081, 38.57507775, 39.6234547 , 40.67183164,
       41.79765046, 42.92346929, 44.04928811, 45.17510694]), array([69.03897263, 70.53897263, 72.03897263, 73.53897263, 75.03897263,
       76.53897263, 78.03897263, 79.53897263, 81.03897263])]","[[16.012056350708008, 20.967538833618164, 30.0], [16.693273544311523, 22.516376495361328, 30.0]]",30.0,6,1.0,4.027400899515786,train,4.027400899515786,9,"[1, 10, 1]",post
"[121.4, 121.45, 121.5, 121.55000000000001, 121.60000000000001, 121.65, 121.70000000000002, 121.75000000000001, 121.80000000000001, 121.85000000000001, 121.9, 121.95, 122.0]","[array([41.88815277, 42.0630601 , 42.23796743, 42.41287475, 42.58778208,
       46.89356135, 47.12223076, 47.35090016, 47.57956957, 51.43669201,
       51.67545994, 51.91422788, 52.15299581]), array([43.63086318, 44.54605588, 45.46124858, 46.37644128, 47.29163398,
       50.80755437, 51.71534103, 52.62312768, 53.53091434, 55.65258676,
       56.57062818, 57.4886696 , 58.40671102]), array([68.23688061, 69.73688061, 71.23688061, 72.73688061, 74.23688061,
       75.7787731 , 77.2787731 , 78.7787731 , 80.2787731 , 80.92787145,
       82.42787145, 83.92787145, 85.42787145])]","[[3.4981465339660645, 18.30385398864746, 30.0], [4.57338809967041, 18.155733108520508, 30.0], [4.7753586769104, 18.360828399658203, 30.0]]",30.0,7,,5.068321976143115,test,4.267055859028196,9,"[1, 10, 1]",post
"[20.79999999999999, 20.84999999999999, 20.89999999999999, 20.94999999999999, 20.99999999999999, 21.04999999999999, 21.099999999999987, 21.149999999999988, 21.19999999999999]","[array([40.30266768, 40.48093918, 40.65921068, 40.83748217, 41.01575367,
       46.26450834, 46.42257249, 46.58063664, 46.73870079]), array([42.13244704, 43.11903304, 44.10561904, 45.09220504, 46.07879103,
       48.4401532 , 49.45481404, 50.46947487, 51.48413571]), array([68.92500265, 70.42500265, 71.92500265, 73.42500265, 74.92500265,
       76.57705858, 78.07705858, 79.57705858, 81.07705858])]","[[3.565429925918579, 19.731719970703125, 30.0], [3.161283016204834, 20.293216705322266, 30.0]]",30.0,1,,6.605355317184291,test,4.267055859028196,9,"[1, 10, 1]",post
"[119.2, 119.25, 119.30000000000001, 119.35000000000001, 119.4, 119.45, 119.5, 119.55000000000001, 119.60000000000001]","[array([43.36125039, 44.02822374, 44.6951971 , 45.36217045, 46.0291438 ,
       48.6646895 , 49.32724023, 49.98979097, 50.6523417 ]), array([60.33103052, 60.94301253, 61.55499455, 62.16697656, 62.77895857,
       65.47671432, 66.11826257, 66.75981082, 67.40135907]), array([75.59789827, 77.09789827, 78.59789827, 80.09789827, 81.59789827,
       82.5183063 , 84.0183063 , 85.5183063 , 87.0183063 ])]","[[13.33946704864502, 12.239640235900879, 30.0], [13.251014709472656, 12.830965042114258, 30.0]]",30.0,5,,2.7370312269227557,test,4.267055859028196,9,"[1, 10, 1]",post
"[5.399999999999989, 5.449999999999989, 5.499999999999989, 5.549999999999989, 5.599999999999989, 5.649999999999989, 5.699999999999989, 5.749999999999989, 5.799999999999989, 5.849999999999989, 5.89999999999999, 5.9499999999999895, 5.999999999999989]","[array([39.34308525, 40.23939043, 41.13569561, 42.03200079, 42.92830597,
       43.82936452, 44.8231335 , 45.81690248, 46.81067146, 49.42527296,
       50.43622772, 51.44718248, 52.45813724]), array([63.37008187, 63.56982713, 63.76957239, 63.96931765, 64.16906292,
       70.04801221, 70.24805009, 70.44808798, 70.64812586, 76.1138758 ,
       76.27523646, 76.43659712, 76.59795778]), array([65.77588481, 67.27588481, 68.77588481, 70.27588481, 71.77588481,
       73.76186853, 75.26186853, 76.76186853, 78.26186853, 78.8529341 ,
       80.3529341 , 81.8529341 , 83.3529341 ])]","[[17.926103591918945, 3.9949052333831787, 30.0], [19.87537956237793, 4.000757694244385, 30.0], [20.21909523010254, 3.227213144302368, 30.0]]",30.0,0,,7.684808667180339,test,4.267055859028196,9,"[1, 10, 1]",post
"[205.8, 205.85000000000002, 205.9, 205.95, 206.0, 206.05, 206.10000000000002, 206.15, 206.20000000000002]","[array([32.17447451, 32.92033108, 33.66618765, 34.41204422, 35.15790079,
       36.23654769, 36.93508527, 37.63362286, 38.33216045]), array([51.57846757, 52.22206208, 52.86565658, 53.50925108, 54.15284559,
       54.21174593, 54.94060531, 55.66946468, 56.39832406]), array([67.82496174, 69.32496174, 70.82496174, 72.32496174, 73.82496174,
       73.8630967 , 75.3630967 , 76.8630967 , 78.3630967 ])]","[[14.917131423950195, 12.8718900680542, 30.0], [13.970751762390137, 14.577187538146973, 30.0]]",30.0,8,,0.5887894003544436,test,4.267055859028196,9,"[1, 10, 1]",post
"[37.79999999999999, 37.849999999999994, 37.89999999999999, 37.94999999999999, 37.99999999999999, 38.04999999999999, 38.099999999999994, 38.14999999999999, 38.19999999999999, 38.249999999999986, 38.29999999999999, 38.349999999999994, 38.39999999999999, 38.44999999999999, 38.49999999999999, 38.55, 38.599999999999994, 38.64999999999999, 38.69999999999999, 38.74999999999999, 38.79999999999999, 38.849999999999994, 38.89999999999999, 38.94999999999999, 38.99999999999999]","[array([35.4797897 , 36.12209302, 36.76439635, 37.40669967, 38.04900299,
       40.43185099, 41.1122548 , 41.7926586 , 42.47306241, 44.27055346,
       44.94240744, 45.61426141, 46.28611538, 49.28642194, 49.98201816,
       50.67761438, 51.3732106 , 54.13325473, 54.83879677, 55.54433881,
       56.24988085, 59.35718638, 60.03382331, 60.71046025, 61.38709718]), array([51.68630857, 52.00392044, 52.3215323 , 52.63914416, 52.95675602,
       57.42432472, 57.71233124, 58.00033776, 58.28834428, 61.05917162,
       61.39898647, 61.73880133, 62.07861618, 66.7705657 , 67.09623074,
       67.42189579, 67.74756083, 71.87434352, 72.1599166 , 72.44548968,
       72.73106275, 76.23213978, 76.5152545 , 76.79836922, 77.08148394]), array([57.69116027, 59.19116027, 60.69116027, 62.19116027, 63.69116027,
       63.70077185, 65.20077185, 66.70077185, 68.20077185, 68.93197796,
       70.43197796, 71.93197796, 73.43197796, 74.20639311, 75.70639311,
       77.20639311, 78.70639311, 78.07632181, 79.57632181, 81.07632181,
       82.57632181, 82.35897676, 83.85897676, 85.35897676, 86.85897676])]","[[12.84606647491455, 6.352237224578857, 30.0], [13.608076095581055, 5.760130405426025, 30.0], [13.437079429626465, 6.796297073364258, 30.0], [13.911924362182617, 6.513300895690918, 30.0], [14.110840797424316, 5.711461544036865, 30.0], [13.53273868560791, 5.662294387817383, 30.0]]",30.0,2,,5.111162058066672,test,4.267055859028196,9,"[1, 10, 1]",post
"[117.80000000000001, 117.85000000000001, 117.9, 117.95, 118.0, 118.05, 118.1, 118.15, 118.2, 118.25, 118.30000000000001, 118.35000000000001, 118.4]","[array([26.17012148, 26.67574888, 27.18137627, 27.68700367, 28.19263106,
       31.92067597, 32.42822783, 32.93577969, 33.44333156, 36.82768651,
       37.38766609, 37.94764568, 38.50762526]), array([38.12400116, 39.20675806, 40.28951497, 41.37227187, 42.45502877,
       44.56322557, 45.69921485, 46.83520414, 47.97119342, 51.05929377,
       52.20019133, 53.34108889, 54.48198645]), array([67.85743063, 69.35743063, 70.85743063, 72.35743063, 73.85743063,
       76.28663489, 77.78663489, 79.28663489, 80.78663489, 82.92765138,
       84.42765138, 85.92765138, 87.42765138])]","[[10.112547874450684, 21.65513801574707, 30.0], [10.151037216186523, 22.719785690307617, 30.0], [11.199591636657715, 22.817951202392578, 30.0]]",30.0,4,,2.4432492316315124,test,4.267055859028196,9,"[1, 10, 1]",post
"[44.39999999999999, 44.44999999999999, 44.49999999999999, 44.55, 44.599999999999994, 44.64999999999999, 44.69999999999999, 44.74999999999999, 44.79999999999999]","[array([36.53253205, 37.0464359 , 37.56033976, 38.07424362, 38.58814747,
       42.02518944, 42.52623915, 43.02728885, 43.52833856]), array([48.74536607, 49.67105339, 50.5967407 , 51.52242801, 52.44811533,
       54.23628096, 55.13786653, 56.03945211, 56.94103769]), array([73.67300816, 75.17300816, 76.67300816, 78.17300816, 79.67300816,
       79.02359461, 80.52359461, 82.02359461, 83.52359461])]","[[10.278077125549316, 18.51374626159668, 30.0], [10.020994186401367, 18.03171157836914, 30.0]]",30.0,3,,3.897728994742444,test,4.267055859028196,9,"[1, 10, 1]",post
