t_list,x_list,v_list,v0,n_scn,iter,mse,type,mse_mean,N. file,DOE,processed
"[108.84000000000002, 108.89000000000001, 108.94000000000001, 108.99000000000001, 109.04, 109.09, 109.14000000000001, 109.19000000000001, 109.24000000000001, 109.29, 109.34, 109.39000000000001, 109.44000000000001]","[array([54.84994721, 55.8068933 , 56.76383939, 57.72078547, 58.67773156,
       59.4614728 , 60.24521403, 61.02895527, 61.8126965 , 62.74753728,
       63.68237805, 64.61721883, 65.5520596 ]), array([58.56445969, 60.07091282, 61.57736596, 63.08381909, 64.59027222,
       65.43561486, 66.28095749, 67.12630013, 67.97164277, 69.0204234 ,
       70.06920403, 71.11798466, 72.16676529]), array([72.09558373, 73.12511764, 74.15465155, 75.18418546, 76.21371937,
       77.24325328, 78.27278719, 79.3023211 , 80.33185501, 81.36138892,
       82.39092284, 83.42045675, 84.44999066])]","[[19.1389217376709, 30.12906265258789, 20.59067821106056], [15.674824714660645, 16.90685272216797, 20.59067821106056], [18.696815490722656, 20.97561264038086, 20.59067821106056]]",20.549015112613198,3,500.0,0.13788114428577758,train,6.2877713311060495,8,"[1, 2, 1]",post
"[522.64, 522.6899999999999, 522.74, 522.79, 522.8399999999999, 522.8899999999999, 522.9399999999999, 522.99, 523.04]","[array([19.0733761 , 19.78816606, 20.50295602, 21.21774599, 21.93253595,
       22.59845792, 23.2643799 , 23.93030187, 24.59622384]), array([33.80940886, 34.55288463, 35.2963604 , 36.03983617, 36.78331194,
       37.41346627, 38.04362059, 38.67377491, 39.30392924]), array([69.70735711, 70.96515575, 72.2229544 , 73.48075304, 74.73855168,
       75.99635033, 77.25414897, 78.51194762, 79.76974626])]","[[14.295799255371094, 14.869515419006348, 25.155972882593762], [13.318439483642578, 12.603086471557617, 25.155972882593762]]",25.155972882593762,18,500.0,1.7637667840771372,train,6.2877713311060495,8,"[1, 2, 1]",post
"[414.43999999999994, 414.48999999999995, 414.53999999999996, 414.59, 414.64, 414.69, 414.74, 414.78999999999996, 414.84]","[array([15.62518069, 16.71553266, 17.80588462, 18.89623658, 19.98658855,
       21.14103734, 22.29548614, 23.44993493, 24.60438373]), array([49.2779378 , 50.3245451 , 51.3711524 , 52.41775971, 53.46436701,
       54.55140247, 55.63843794, 56.72547341, 57.81250887]), array([79.46040868, 80.19742223, 80.93443577, 81.67144932, 82.40846286,
       83.14547641, 83.88248995, 84.6195035 , 85.35651704])]","[[21.807039260864258, 20.932146072387695, 14.740270892900266], [23.08897590637207, 21.74070930480957, 14.740270892900266]]",14.740228637605922,16,500.0,0.937550910186041,train,6.2877713311060495,8,"[1, 2, 1]",post
"[290.84000000000003, 290.89000000000004, 290.94000000000005, 290.99, 291.04, 291.09000000000003, 291.14, 291.19, 291.24, 291.29, 291.34000000000003, 291.39000000000004, 291.44000000000005]","[array([20.18738595, 21.1289281 , 22.07047025, 23.0120124 , 23.95355454,
       23.95479287, 23.95603119, 23.95726951, 23.95850783, 23.95921832,
       23.95992881, 23.9606393 , 23.96134979]), array([42.29365145, 43.3757568 , 44.45786215, 45.5399675 , 46.62207285,
       46.62209587, 46.62211888, 46.62214189, 46.6221649 , 46.62217368,
       46.62218245, 46.62219123, 46.6222    ]), array([75.46593632, 76.96593632, 78.46593632, 79.96593632, 81.46593632,
       82.96593632, 84.46593632, 85.96593632, 87.46593632, 88.96593632,
       90.46593632, 91.96593632, 93.46593632])]","[[18.830842971801758, 21.642107009887695, 30.0], [0.02476644329726696, 0.00046024774201214314, 30.0], [0.014209776185452938, 0.00017549088806845248, 30.0]]",25.37825024103332,13,400.0,9.601947798655829,train,6.2877713311060495,8,"[1, 2, 1]",post
"[102.24000000000001, 102.29, 102.34, 102.39000000000001, 102.44000000000001, 102.49000000000001, 102.54000000000002, 102.59000000000002, 102.64000000000001, 102.69000000000001, 102.74000000000001, 102.79000000000002, 102.84000000000002, 102.89000000000001, 102.94000000000001, 102.99000000000001, 103.04]","[array([44.34172903, 45.20388093, 46.06603284, 46.92818475, 47.79033666,
       48.63335691, 49.47637716, 50.31939741, 51.16241765, 51.86014448,
       52.5578713 , 53.25559812, 53.95332494, 54.69939814, 55.44547134,
       56.19154454, 56.93761774]), array([53.47732555, 54.40323774, 55.32914993, 56.25506212, 57.18097431,
       58.33539459, 59.48981487, 60.64423515, 61.79865543, 62.85527011,
       63.9118848 , 64.96849948, 66.02511417, 67.24362585, 68.46213752,
       69.6806492 , 70.89916088]), array([64.39488833, 65.96230293, 67.52971753, 69.09713213, 70.66454673,
       72.23196133, 73.79937593, 75.36679053, 76.93420513, 78.50161973,
       80.06903433, 81.63644893, 83.20386352, 84.77127812, 86.33869272,
       87.90610732, 89.47352192])]","[[17.243038177490234, 18.51824378967285, 31.34829198332158], [16.86040496826172, 23.08840560913086, 31.34829198332158], [13.954536437988281, 21.132293701171875, 31.34829198332158], [14.921463966369629, 24.3702335357666, 31.34829198332158]]",31.34829198332158,2,500.0,5.235403584399731,train,6.2877713311060495,8,"[1, 2, 1]",post
"[237.64000000000001, 237.69, 237.74, 237.79000000000002, 237.84, 237.89, 237.94, 237.99, 238.04]","[array([34.19418497, 35.62980528, 37.06542558, 38.50104589, 39.9366662 ,
       39.9366662 , 39.9366662 , 39.9366662 , 39.9366662 ]), array([59.35351445, 60.15310089, 60.95268732, 61.75227376, 62.5518602 ,
       62.55190105, 62.5519419 , 62.55198274, 62.55202359]), array([66.69507987, 68.19507987, 69.69507987, 71.19507987, 72.69507987,
       74.19507987, 75.69507987, 77.19507987, 78.69507987])]","[[28.712406158447266, 15.991728782653809, 30.0], [1.2674539195955958e-09, 0.0008169382927007973, 30.0]]",29.702979242882176,9,300.0,1.2409843931743618,train,6.2877713311060495,8,"[1, 2, 1]",post
"[256.44000000000005, 256.49000000000007, 256.5400000000001, 256.59000000000003, 256.64000000000004, 256.69000000000005, 256.74, 256.79, 256.84000000000003, 256.89000000000004, 256.94000000000005, 256.99, 257.04, 257.09000000000003, 257.14, 257.19, 257.24]","[array([44.43890326, 45.04364698, 45.6483907 , 46.25313441, 46.85787813,
       47.56067583, 48.26347353, 48.96627123, 49.66906893, 50.40335014,
       51.13763134, 51.87191255, 52.60619375, 53.35647852, 54.10676329,
       54.85704806, 55.60733282]), array([44.45345172, 45.10246596, 45.75148019, 46.40049442, 47.04950866,
       47.75849389, 48.46747913, 49.17646436, 49.88544959, 50.70884799,
       51.53224639, 52.35564479, 53.17904319, 53.91609968, 54.65315618,
       55.39021267, 56.12726916]), array([44.63945743, 45.67668029, 46.71390315, 47.75112602, 48.78834888,
       49.1508118 , 49.51327473, 49.87573766, 50.23820058, 51.27922298,
       52.32024537, 53.36126777, 54.40229017, 55.06673862, 55.73118707,
       56.39563552, 57.06008397]), array([66.85510776, 67.73754527, 68.61998278, 69.50242029, 70.38485781,
       71.26729532, 72.14973283, 73.03217034, 73.91460785, 74.79704537,
       75.67948288, 76.56192039, 77.4443579 , 78.32679541, 79.20923292,
       80.09167044, 80.97410795])]","[[12.094874382019043, 12.980284690856934, 20.744457244873047, 17.648750237110747], [14.055953979492188, 14.179704666137695, 7.249258518218994, 17.648750237110747], [14.685624122619629, 16.467967987060547, 20.82044792175293, 17.648750237110747], [15.005695343017578, 14.741129875183105, 13.288969039916992, 17.648750237110747]]",17.10425867466614,20,500.0,2.563797080859797,train,6.2877713311060495,8,"[1, 2, 1]",post
"[130.04, 130.09, 130.14, 130.19, 130.24, 130.29000000000002, 130.34, 130.39, 130.44]","[array([33.52257836, 34.72469171, 35.92680505, 37.12891839, 38.33103173,
       39.47250579, 40.61397985, 41.7554539 , 42.89692796]), array([70.299416  , 71.45374225, 72.6080685 , 73.76239475, 74.91672099,
       76.05930551, 77.20189002, 78.34447454, 79.48705905]), array([77.15612947, 79.20891059, 81.2616917 , 83.31447282, 85.36725393,
       87.42003505, 89.47281616, 91.52559728, 93.57837839])]","[[24.042266845703125, 23.086524963378906, 41.055622304852854], [22.82948112487793, 22.8516902923584, 41.055622304852854]]",41.055622304852854,4,500.0,0.08370001150553984,train,6.2877713311060495,8,"[1, 2, 1]",post
"[251.64000000000001, 251.69, 251.74, 251.79000000000002, 251.84, 251.89, 251.94, 251.99, 252.04, 252.09, 252.14, 252.19, 252.24, 252.29000000000002, 252.34, 252.39, 252.44, 252.49, 252.54000000000002, 252.59, 252.64000000000001]","[array([22.20522727, 23.41715077, 24.62907428, 25.84099778, 27.05292128,
       27.05292128, 27.05292128, 27.05292128, 27.05292128, 27.05292128,
       27.05292128, 27.05292128, 27.05292128, 27.05292128, 27.05292128,
       27.05292128, 27.05292128, 27.05292128, 27.05292128, 27.05292128,
       27.05292128]), array([65.14310879, 66.2922317 , 67.4413546 , 68.59047751, 69.73960042,
       70.16403741, 70.58847441, 71.01291141, 71.43734841, 71.82764866,
       72.21794891, 72.60824916, 72.99854941, 73.39375336, 73.7889573 ,
       74.18416125, 74.5793652 , 74.9791074 , 75.3788496 , 75.77859179,
       76.17833399]), array([68.68525952, 70.18525952, 71.68525952, 73.18525952, 74.68525952,
       76.18525952, 77.68525952, 79.18525952, 80.68525952, 82.18525952,
       83.68525952, 85.18525952, 86.68525952, 88.18525952, 89.68525952,
       91.18525952, 92.68525952, 94.18525952, 95.68525952, 97.18525952,
       98.68525952])]","[[24.23847007751465, 22.982458114624023, 30.0], [4.600071909207575e-20, 8.488739967346191, 30.0], [1.0503235015732926e-17, 7.806005001068115, 30.0], [7.938707877923681e-15, 7.904078960418701, 30.0], [9.012384588613642e-12, 7.99484395980835, 30.0]]",19.824906088024314,12,500.0,32.018609015896836,train,6.2877713311060495,8,"[1, 2, 1]",post
"[225.24, 225.29000000000002, 225.34, 225.39, 225.44, 225.49, 225.54000000000002, 225.59, 225.64000000000001, 225.69, 225.74, 225.79000000000002, 225.84, 225.89, 225.94, 225.99, 226.04, 226.09, 226.14, 226.19, 226.24]","[array([35.10710391, 35.10710391, 35.10710391, 35.10710391, 35.10710391,
       35.10710391, 35.10710391, 35.10710391, 35.10710391, 35.10710391,
       35.10710391, 35.10710391, 35.10710391, 35.10710391, 35.10710391,
       35.10710391, 35.10710391, 35.10710966, 35.10711542, 35.10712118,
       35.10712694]), array([48.35795769, 48.35795769, 48.35795769, 48.35795769, 48.35795769,
       48.35795769, 48.35795769, 48.35795769, 48.35795769, 48.35795769,
       48.35795769, 48.35795769, 48.35795769, 48.35795769, 48.35795769,
       48.35795769, 48.35795769, 48.35795769, 48.35795769, 48.35795769,
       48.35795769]), array([71.01349684, 71.67068118, 72.32786552, 72.98504986, 73.6422342 ,
       74.29941854, 74.95660288, 75.61378721, 76.27097155, 76.92815589,
       77.58534023, 78.24252457, 78.89970891, 79.55689324, 80.21407758,
       80.87126192, 81.52844626, 82.1856306 , 82.84281494, 83.49999928,
       84.15718361])]","[[5.144144464118074e-20, 2.7262965187372284e-36, 13.143686771043459], [4.5158972630266885e-17, 0.0, 13.143686771043459], [1.2641851541289606e-13, 0.0, 13.143686771043459], [7.667058099514179e-10, 0.0, 13.143686771043459], [0.00011514738434925675, 0.0, 13.143686771043459]]",13.143686771043459,7,450.0,21.41537210507263,train,6.2877713311060495,8,"[1, 2, 1]",post
"[239.84, 239.89, 239.94, 239.99, 240.04, 240.09, 240.14, 240.19, 240.24]","[array([48.59390635, 49.34885821, 50.10381007, 50.85876193, 51.61371379,
       52.46288218, 53.31205058, 54.16121897, 55.01038737]), array([52.1040819, 52.1040819, 52.1040819, 52.1040819, 52.1040819,
       52.1040819, 52.1040819, 52.1040819, 52.1040819]), array([83.16761012, 84.6741721 , 86.18073408, 87.68729605, 89.19385803,
       90.70042001, 92.20698198, 93.71354396, 95.22010594])]","[[15.099037170410156, 1.2771787100129828e-11, 30.131239538599125], [16.983367919921875, 4.3858482384057096e-13, 30.131239538599125]]",30.131239538599125,10,500.0,5.1857639748887925,train,6.2877713311060495,8,"[1, 2, 1]",post
"[350.64, 350.69, 350.74, 350.78999999999996, 350.84, 350.89, 350.93999999999994, 350.98999999999995, 351.03999999999996, 351.09, 351.14, 351.19, 351.24, 351.28999999999996, 351.34, 351.39, 351.43999999999994, 351.48999999999995, 351.53999999999996, 351.59, 351.64]","[array([34.07341644, 34.77410737, 35.47479831, 36.17548925, 36.87618018,
       37.51383573, 38.15149127, 38.78914682, 39.42680236, 40.13528973,
       40.8437771 , 41.55226446, 42.26075183, 42.98824803, 43.71574422,
       44.44324042, 45.17073661, 45.95185939, 46.73298217, 47.51410495,
       48.29522773]), array([36.10997558, 36.99868494, 37.88739429, 38.77610364, 39.664813  ,
       40.11110373, 40.55739446, 41.00368519, 41.44997592, 42.33142705,
       43.21287818, 44.09432931, 44.97578044, 45.90024896, 46.82471748,
       47.749186  , 48.67365451, 49.79839044, 50.92312637, 52.0478623 ,
       53.17259822]), array([60.45659703, 61.67667321, 62.89674939, 64.11682557, 65.33690175,
       66.55697793, 67.77705411, 68.9971303 , 70.21720648, 71.43728266,
       72.65735884, 73.87743502, 75.0975112 , 76.31758738, 77.53766356,
       78.75773974, 79.97781592, 81.1978921 , 82.41796828, 83.63804446,
       84.85812064])]","[[14.013818740844727, 17.774187088012695, 24.40152360789233], [12.753110885620117, 8.925814628601074, 24.40152360789233], [14.169747352600098, 17.6290225982666, 24.40152360789233], [14.54992389678955, 18.489370346069336, 24.40152360789233], [15.622455596923828, 22.494718551635742, 24.40152360789233]]",24.017556031657396,14,500.0,1.222183620989323,train,6.2877713311060495,8,"[1, 2, 1]",post
"[593.04, 593.0899999999999, 593.14, 593.19, 593.24, 593.29, 593.3399999999999, 593.39, 593.4399999999999, 593.49, 593.54, 593.5899999999999, 593.64, 593.69, 593.74, 593.79, 593.84, 593.89, 593.94, 593.99, 594.04, 594.0899999999999, 594.14, 594.19, 594.24, 594.29, 594.3399999999999, 594.39, 594.4399999999999]","[array([32.21455126, 33.18920432, 34.16385737, 35.13851042, 36.11316348,
       37.0515461 , 37.98992873, 38.92831135, 39.86669398, 40.83935204,
       41.8120101 , 42.78466816, 43.75732623, 44.67586623, 45.59440623,
       46.51294623, 47.43148623, 48.35814839, 49.28481055, 50.21147271,
       51.13813487, 52.11316863, 53.08820239, 54.06323615, 55.03826991,
       56.06003237, 57.08179484, 58.1035573 , 59.12531977]), array([39.65356444, 40.6536126 , 41.65366076, 42.65370892, 43.65375708,
       44.60353974, 45.5533224 , 46.50310505, 47.45288771, 48.42319611,
       49.39350451, 50.36381291, 51.33412131, 52.23392542, 53.13372954,
       54.03353366, 54.93333777, 55.82257432, 56.71181086, 57.60104741,
       58.49028395, 59.39429415, 60.29830435, 61.20231455, 62.10632475,
       63.03699578, 63.9676668 , 64.89833783, 65.82900885]), array([48.64190589, 49.66969353, 50.69748116, 51.7252688 , 52.75305644,
       53.78084407, 54.80863171, 55.83641934, 56.86420698, 57.89199462,
       58.91978225, 59.94756989, 60.97535752, 62.00314516, 63.0309328 ,
       64.05872043, 65.08650807, 66.1142957 , 67.14208334, 68.16987097,
       69.19765861, 70.22544625, 71.25323388, 72.28102152, 73.30880915,
       74.33659679, 75.36438443, 76.39217206, 77.4199597 ])]","[[19.493061065673828, 20.00096321105957, 20.555752719365884], [18.76765251159668, 18.99565315246582, 20.555752719365884], [19.453161239624023, 19.40616798400879, 20.555752719365884], [18.370800018310547, 17.996082305908203, 20.555752719365884], [18.53324317932129, 17.784730911254883, 20.555752719365884], [19.500675201416016, 18.080204010009766, 20.555752719365884], [20.43524932861328, 18.613420486450195, 20.555752719365884]]",20.297836048725546,19,500.0,4.561716354471875,train,6.2877713311060495,8,"[1, 2, 1]",post
"[222.64000000000001, 222.69, 222.74, 222.79000000000002, 222.84, 222.89, 222.94, 222.99, 223.04, 223.09, 223.14, 223.19, 223.24, 223.29000000000002, 223.34, 223.39, 223.44]","[array([44.44424043, 44.67056392, 44.8968874 , 45.12321089, 45.34953437,
       45.6567771 , 45.96401983, 46.27126256, 46.57850528, 46.88467629,
       47.19084731, 47.49701832, 47.80318933, 48.1077874 , 48.41238547,
       48.71698354, 49.02158161]), array([44.85797744, 45.13982704, 45.42167664, 45.70352624, 45.98537584,
       46.26659182, 46.54780779, 46.82902377, 47.11023975, 47.39065507,
       47.67107039, 47.95148571, 48.23190103, 48.5118337 , 48.79176636,
       49.07169903, 49.35163169]), array([75.50795893, 76.12938583, 76.75081274, 77.37223964, 77.99366655,
       78.61509346, 79.23652036, 79.85794727, 80.47937418, 81.10080108,
       81.72222799, 82.34365489, 82.9650818 , 83.58650871, 84.20793561,
       84.82936252, 85.45078942])]","[[4.526469707489014, 5.63699197769165, 12.428538122911196], [6.144854545593262, 5.624319553375244, 12.428538122911196], [6.123420238494873, 5.608306407928467, 12.428538122911196], [6.09196138381958, 5.598653316497803, 12.428538122911196]]",12.428538122911196,6,500.0,2.0601218570210373,train,6.2877713311060495,8,"[1, 2, 1]",post
"[36.44, 36.489999999999995, 36.54, 36.59, 36.64, 36.69, 36.74, 36.790000000000006, 36.84, 36.89, 36.94, 36.99, 37.04]","[array([30.03133363, 30.3355199 , 30.63970617, 30.94389245, 31.24807872,
       33.62302694, 33.92865493, 34.23428292, 34.53991091, 37.33426591,
       37.64104353, 37.94782115, 38.25459877]), array([35.18261507, 35.46118527, 35.73975547, 36.01832566, 36.29689586,
       37.09981824, 37.37697993, 37.65414162, 37.93130332, 38.45764648,
       38.73259913, 39.00755178, 39.28250443]), array([69.58134328, 70.74162321, 71.90190315, 73.06218308, 74.22246302,
       73.98993865, 75.15021858, 76.31049851, 77.47077845, 77.87236379,
       79.03264373, 80.19292366, 81.3532036 ])]","[[6.083725452423096, 5.571403980255127, 23.205598691466435], [6.112559795379639, 5.543233871459961, 23.205598691466435], [6.135552406311035, 5.499053001403809, 23.205598691466435]]",23.205598691466435,0,,1.559733693396734,test,3.1063384899685262,8,"[1, 2, 1]",post
"[477.84, 477.89, 477.93999999999994, 477.98999999999995, 478.03999999999996, 478.09, 478.14, 478.19, 478.24, 478.29, 478.34000000000003, 478.39, 478.44, 478.49, 478.53999999999996, 478.59, 478.64, 478.69, 478.74, 478.78999999999996, 478.84]","[array([19.1252018 , 19.41941464, 19.71362748, 20.00784032, 20.30205316,
       22.99982373, 23.2944149 , 23.58900606, 23.88359723, 26.60398948,
       26.89870324, 27.193417  , 27.48813076, 30.79380441, 31.08826582,
       31.38272724, 31.67718866, 34.75434685, 35.04926887, 35.34419089,
       35.63911291]), array([35.66345425, 35.94715078, 36.23084731, 36.51454384, 36.79824037,
       39.0944503 , 39.37736191, 39.66027352, 39.94318513, 42.55848226,
       42.84131312, 43.12414398, 43.40697483, 47.03584581, 47.31786528,
       47.59988476, 47.88190423, 50.46898106, 50.74998251, 51.03098396,
       51.31198541]), array([64.20887785, 65.36915778, 66.52943772, 67.68971765, 68.84999759,
       69.4135006 , 70.57378054, 71.73406047, 72.8943404 , 72.969837  ,
       74.13011694, 75.29039687, 76.45067681, 78.37443002, 79.53470995,
       80.69498989, 81.85526982, 82.9709791 , 84.13125903, 85.29153897,
       86.4518189 ])]","[[5.884256839752197, 5.673930644989014, 23.205598691466435], [5.8918232917785645, 5.65823221206665, 23.205598691466435], [5.894275188446045, 5.656617164611816, 23.205598691466435], [5.889228343963623, 5.640389442443848, 23.205598691466435], [5.898440361022949, 5.620028972625732, 23.205598691466435]]",23.205598691466435,17,,3.9526725748404865,test,3.1063384899685262,8,"[1, 2, 1]",post
"[368.84, 368.89, 368.93999999999994, 368.98999999999995, 369.03999999999996, 369.09, 369.14, 369.19, 369.24, 369.28999999999996, 369.34, 369.39, 369.43999999999994]","[array([40.1943434 , 40.49875539, 40.80316737, 41.10757935, 41.41199134,
       43.9903763 , 44.29629044, 44.60220458, 44.90811872, 48.46428259,
       48.6205004 , 48.77671822, 48.93293603]), array([45.08792954, 45.3715189 , 45.65510826, 45.93869763, 46.22228699,
       47.14509771, 47.42719355, 47.70928939, 47.99138523, 48.7557026 ,
       49.03674334, 49.31778408, 49.59882482]), array([73.75575961, 74.91603954, 76.07631948, 77.23659941, 78.39687935,
       78.39641689, 79.55669683, 80.71697676, 81.8772567 , 81.21277114,
       82.37305108, 83.53333101, 84.69361095])]","[[6.088239669799805, 5.671787261962891, 23.205598691466435], [6.118282794952393, 5.641916751861572, 23.205598691466435], [3.124356269836426, 5.620814800262451, 23.205598691466435]]",23.205598691466435,15,,2.2126328156782433,test,3.1063384899685262,8,"[1, 2, 1]",post
"[50.24, 50.290000000000006, 50.34, 50.39, 50.440000000000005, 50.49, 50.540000000000006, 50.59, 50.64, 50.69, 50.74, 50.790000000000006, 50.84, 50.89, 50.94, 50.99, 51.04]","[array([37.29949592, 37.60308405, 37.90667218, 38.2102603 , 38.51384843,
       40.56922903, 40.87287492, 41.17652082, 41.48016672, 43.63897888,
       43.94226915, 44.24555942, 44.54884969, 47.54717856, 47.85051087,
       48.15384317, 48.45717548]), array([43.13368486, 43.41867846, 43.70367206, 43.98866566, 44.27365926,
       46.31699011, 46.60018446, 46.88337882, 47.16657317, 49.78947813,
       50.06899867, 50.3485192 , 50.62803974, 53.64683915, 53.92352491,
       54.20021067, 54.47689643]), array([70.19815867, 71.35843861, 72.51871854, 73.67899847, 74.83927841,
       76.31292826, 77.47320819, 78.63348813, 79.79376806, 83.98388559,
       85.14416553, 86.30444546, 87.4647254 , 91.08087033, 92.24115026,
       93.4014302 , 94.56171013])]","[[6.071762561798096, 5.699872016906738, 23.205598691466435], [6.072917938232422, 5.663887023925781, 23.205598691466435], [6.065805435180664, 5.5904107093811035, 23.205598691466435], [6.066646099090576, 5.53371524810791, 23.205598691466435]]",23.205598691466435,1,,4.7247684548245745,test,3.1063384899685262,8,"[1, 2, 1]",post
"[227.04, 227.09, 227.14, 227.19, 227.24, 227.29000000000002, 227.34, 227.39, 227.44, 227.49, 227.54000000000002, 227.59, 227.64000000000001, 227.69, 227.74, 227.79000000000002, 227.84]","[array([50.78102094, 51.08619736, 51.39137379, 51.69655021, 52.00172664,
       51.35358473, 51.65691928, 51.96025383, 52.26358837, 51.62096507,
       51.9224507 , 52.22393634, 52.52542197, 51.88797228, 52.18723588,
       52.48649948, 52.78576307]), array([54.80184732, 55.09687882, 55.39191032, 55.68694182, 55.98197332,
       57.46749542, 57.76100445, 58.05451348, 58.34802251, 59.84379886,
       60.13346236, 60.42312587, 60.71278937, 62.64871525, 62.93709623,
       63.22547721, 63.51385819]), array([70.40541809, 71.56569802, 72.72597796, 73.88625789, 75.04653783,
       75.67611574, 76.83639567, 77.9966756 , 79.15695554, 82.44691103,
       83.60719097, 84.7674709 , 85.92775084, 86.71748559, 87.87776552,
       89.03804546, 90.19832539])]","[[6.1035284996032715, 5.900629997253418, 23.205598691466435], [6.066690921783447, 5.870180606842041, 23.205598691466435], [6.029712677001953, 5.793270111083984, 23.205598691466435], [5.98527193069458, 5.767619609832764, 23.205598691466435]]",23.205598691466435,8,,1.6221784549934728,test,3.1063384899685262,8,"[1, 2, 1]",post
"[215.24, 215.29000000000002, 215.34, 215.39, 215.44, 215.49, 215.54000000000002, 215.59, 215.64000000000001, 215.69, 215.74, 215.79000000000002, 215.84, 215.89, 215.94, 215.99, 216.04, 216.09, 216.14, 216.19, 216.24]","[array([34.8964952 , 35.20238965, 35.5082841 , 35.81417854, 36.12007299,
       35.47002846, 35.77433246, 36.07863646, 36.38294047, 39.12923707,
       39.43493616, 39.74063524, 40.04633433, 44.92158257, 45.21542529,
       45.50926802, 45.80311074, 47.5242255 , 47.83060597, 48.13698643,
       48.44336689]), array([38.09751878, 38.38533194, 38.6731451 , 38.96095827, 39.24877143,
       40.46993158, 40.75728128, 41.04463098, 41.33198068, 42.5345394 ,
       42.82142917, 43.10831894, 43.39520871, 45.69065392, 45.97754178,
       46.26442964, 46.5513175 , 50.151089  , 50.43821487, 50.72534074,
       51.01246662]), array([61.94269876, 63.1029787 , 64.26325863, 65.42353856, 66.5838185 ,
       65.7171879 , 66.87746784, 68.03774777, 69.19802771, 68.30740035,
       69.46768029, 70.62796022, 71.78824016, 71.4656883 , 72.62596823,
       73.78624817, 74.9465281 , 75.65411494, 76.81439488, 77.97467481,
       79.13495475])]","[[6.117888927459717, 5.756263256072998, 23.205598691466435], [6.086080074310303, 5.7469940185546875, 23.205598691466435], [6.1139817237854, 5.737795352935791, 23.205598691466435], [5.876854419708252, 5.737757205963135, 23.205598691466435], [6.1276092529296875, 5.742517471313477, 23.205598691466435]]",23.205598691466435,5,,5.2626493850848135,test,3.1063384899685262,8,"[1, 2, 1]",post
"[243.44, 243.49, 243.54000000000002, 243.59, 243.64000000000001, 243.69, 243.74, 243.79000000000002, 243.84, 243.89, 243.94, 243.99, 244.04, 244.09, 244.14, 244.19, 244.24]","[array([53.06612961, 53.37020068, 53.67427175, 53.97834281, 54.28241388,
       57.02434299, 57.3303364 , 57.63632981, 57.94232323, 61.52113066,
       61.71360437, 61.90607808, 62.09855179, 63.74065849, 64.04799077,
       64.35532305, 64.66265533]), array([58.34896867, 58.64587976, 58.94279086, 59.23970196, 59.53661305,
       60.10153224, 60.39666535, 60.69179846, 60.98693158, 61.91372852,
       62.20759437, 62.50146021, 62.79532606, 65.12475754, 65.4185872 ,
       65.71241685, 66.00624651]), array([71.8065619 , 72.96684183, 74.12712177, 75.2874017 , 76.44768164,
       76.45421212, 77.61449205, 78.77477198, 79.93505192, 79.71457569,
       80.87485562, 82.03513555, 83.19541549, 82.96698996, 84.12726989,
       85.28754983, 86.44782976])]","[[6.081421375274658, 5.9382219314575195, 23.205598691466435], [6.119868278503418, 5.90266227722168, 23.205598691466435], [3.8494741916656494, 5.877316951751709, 23.205598691466435], [6.146645545959473, 5.876593112945557, 23.205598691466435]]",23.205598691466435,11,,2.4097340509613567,test,3.1063384899685262,8,"[1, 2, 1]",post
"[5.399999999999989, 5.449999999999989, 5.499999999999989, 5.549999999999989, 5.599999999999989, 5.649999999999989, 5.699999999999989, 5.749999999999989, 5.799999999999989, 5.849999999999989, 5.89999999999999, 5.9499999999999895, 5.999999999999989]","[array([39.34308525, 40.13844729, 40.93380933, 41.72917138, 42.52453342,
       44.12199474, 45.71945606, 47.31691738, 48.9143787 , 50.23585697,
       51.55733524, 52.87881351, 54.20029178]), array([63.37008187, 64.6121246 , 65.85416733, 67.09621007, 68.3382528 ,
       69.67946984, 71.02068688, 72.36190392, 73.70312096, 75.01579396,
       76.32846696, 77.64113995, 78.95381295]), array([65.77588481, 67.22994018, 68.68399554, 70.13805091, 71.59210628,
       73.04616164, 74.50021701, 75.95427238, 77.40832775, 78.86238311,
       80.31643848, 81.77049385, 83.22454922])]","[[15.907240867614746, 24.84085464477539, 29.081107344332697], [31.94922637939453, 26.8243408203125, 29.081107344332697], [26.4295654296875, 26.253459930419922, 29.081107344332697]]",29.081107080157114,0,500.0,1.3491606990194625,train,0.594636802398231,9,"[1, 2, 1]",post
"[205.8, 205.85000000000002, 205.9, 205.95, 206.0, 206.05, 206.10000000000002, 206.15, 206.20000000000002]","[array([32.17447451, 32.75093158, 33.32738865, 33.90384572, 34.48030279,
       35.1138913 , 35.7474798 , 36.38106831, 37.01465681]), array([51.57846757, 52.20735318, 52.83623878, 53.46512438, 54.09400999,
       54.71357419, 55.33313838, 55.95270258, 56.57226678]), array([67.82496174, 68.9828943 , 70.14082685, 71.29875941, 72.45669197,
       73.61462453, 74.77255709, 75.93048965, 77.08842221])]","[[11.529141426086426, 12.577712059020996, 23.15865117600688], [12.671770095825195, 12.391283988952637, 23.15865117600688]]",23.15865117600688,8,500.0,0.5178498083395872,train,0.594636802398231,9,"[1, 2, 1]",post
"[37.79999999999999, 37.849999999999994, 37.89999999999999, 37.94999999999999, 37.99999999999999, 38.04999999999999, 38.099999999999994, 38.14999999999999, 38.19999999999999, 38.249999999999986, 38.29999999999999, 38.349999999999994, 38.39999999999999, 38.44999999999999, 38.49999999999999, 38.55, 38.599999999999994, 38.64999999999999, 38.69999999999999, 38.74999999999999, 38.79999999999999, 38.849999999999994, 38.89999999999999, 38.94999999999999, 38.99999999999999]","[array([35.4797897 , 36.55231692, 37.62484413, 38.69737135, 39.76989857,
       40.90164353, 42.03338848, 43.16513344, 44.2968784 , 45.33963925,
       46.38240009, 47.42516094, 48.46792179, 49.64474341, 50.82156502,
       51.99838663, 53.17520825, 54.39551102, 55.61581379, 56.83611656,
       58.05641934, 59.27229363, 60.48816792, 61.70404221, 62.9199165 ]), array([51.68630857, 52.77386169, 53.86141481, 54.94896793, 56.03652105,
       57.15384922, 58.27117739, 59.38850555, 60.50583372, 61.5767478 ,
       62.64766188, 63.71857595, 64.78949003, 65.92941561, 67.06934118,
       68.20926676, 69.34919233, 70.50426092, 71.65932951, 72.8143981 ,
       73.96946669, 75.12525721, 76.28104772, 77.43683824, 78.59262876]), array([57.69116027, 58.87311283, 60.05506538, 61.23701793, 62.41897049,
       63.60092304, 64.78287559, 65.96482815, 67.1467807 , 68.32873326,
       69.51068581, 70.69263836, 71.87459092, 73.05654347, 74.23849602,
       75.42044858, 76.60240113, 77.78435368, 78.96630624, 80.14825879,
       81.33021134, 82.5121639 , 83.69411645, 84.876069  , 86.05802156])]","[[21.450544357299805, 21.751062393188477, 23.639051069297995], [22.634899139404297, 22.3465633392334, 23.639051069297995], [20.85521697998047, 21.41828155517578, 23.639051069297995], [23.53643226623535, 22.798511505126953, 23.639051069297995], [24.406055450439453, 23.10137176513672, 23.639051069297995], [24.317485809326172, 23.11581039428711, 23.639051069297995]]",23.639051069297995,2,500.0,0.8471402315769488,train,0.594636802398231,9,"[1, 2, 1]",post
"[117.80000000000001, 117.85000000000001, 117.9, 117.95, 118.0, 118.05, 118.1, 118.15, 118.2, 118.25, 118.30000000000001, 118.35000000000001, 118.4]","[array([26.17012148, 27.26105147, 28.35198145, 29.44291144, 30.53384142,
       31.90153485, 33.26922827, 34.6369217 , 36.00461512, 37.24199124,
       38.47936736, 39.71674347, 40.95411959]), array([38.12400116, 39.11087985, 40.09775853, 41.08463721, 42.07151589,
       43.69883923, 45.32616257, 46.95348591, 48.58080925, 49.88554015,
       51.19027104, 52.49500193, 53.79973282]), array([67.85743063, 69.47953695, 71.10164327, 72.72374958, 74.3458559 ,
       75.96796222, 77.59006854, 79.21217485, 80.83428117, 82.45638749,
       84.07849381, 85.70060012, 87.32270644])]","[[21.818599700927734, 19.737573623657227, 32.44212634568012], [27.35386848449707, 32.54646682739258, 32.44212634568012], [24.747522354125977, 26.09461784362793, 32.44212634568012]]",32.94782563350092,4,500.0,0.5066696405031662,train,0.594636802398231,9,"[1, 2, 1]",post
"[44.39999999999999, 44.44999999999999, 44.49999999999999, 44.55, 44.599999999999994, 44.64999999999999, 44.69999999999999, 44.74999999999999, 44.79999999999999]","[array([36.53253205, 37.82102234, 39.10951264, 40.39800293, 41.68649323,
       42.89592183, 44.10535042, 45.31477902, 46.52420762]), array([48.74536607, 50.08261049, 51.4198549 , 52.75709932, 54.09434374,
       55.28953092, 56.48471811, 57.6799053 , 58.87509248]), array([73.67300816, 74.57381516, 75.47462215, 76.37542915, 77.27623614,
       78.17704314, 79.07785013, 79.97865713, 80.87946412])]","[[25.769805908203125, 26.744888305664062, 18.016139904684234], [24.18857192993164, 23.903743743896484, 18.016139904684234]]",18.01610672050831,3,500.0,0.15500425891130556,train,0.594636802398231,9,"[1, 2, 1]",post
"[120.2, 120.25, 120.30000000000001, 120.35000000000001, 120.4, 120.45, 120.5, 120.55000000000001, 120.60000000000001]","[array([12.48364847, 13.81524418, 15.14683989, 16.47843559, 17.8100313 ,
       19.15143536, 20.49283941, 21.83424347, 23.17564753]), array([36.47832387, 37.83156503, 39.18480619, 40.53804734, 41.8912885 ,
       43.26050256, 44.62971662, 45.99893067, 47.36814473]), array([69.03897263, 70.406422  , 71.77387136, 73.14132073, 74.50877009,
       75.87621946, 77.24366882, 78.61111819, 79.97856755])]","[[26.631914138793945, 27.064823150634766, 27.348987307571214], [26.828081130981445, 27.384281158447266, 27.348987307571214]]",27.348987307571214,6,500.0,0.19199617603891603,train,0.594636802398231,9,"[1, 2, 1]",post
"[121.4, 121.45, 121.5, 121.55000000000001, 121.60000000000001, 121.65, 121.70000000000002, 121.75000000000001, 121.80000000000001, 121.85000000000001, 121.9, 121.95, 122.0]","[array([41.88815277, 43.16353624, 44.43891972, 45.71430319, 46.98968666,
       47.94405445, 49.22321695, 50.50237946, 51.78154196, 52.47784875,
       53.75777343, 55.03769811, 56.31762279]), array([43.63086318, 44.96400746, 46.29715175, 47.63029603, 48.96344031,
       51.23233856, 52.5649094 , 53.89748023, 55.23005107, 56.06791021,
       57.40127507, 58.73463994, 60.06800481]), array([68.23688061, 69.52181168, 70.80674276, 72.09167383, 73.37660491,
       75.56370418, 76.84863525, 78.13356633, 79.4184974 , 80.71280253,
       81.9977336 , 83.28266468, 84.56759575])]","[[25.50766944885254, 26.662885665893555, 25.698621497840403], [25.583250045776367, 26.651416778564453, 25.698621497840403], [25.598493576049805, 26.66729736328125, 25.698621497840403]]",25.698621497840403,7,,0.27784219496442436,test,0.39738178186121426,9,"[1, 2, 1]",post
"[20.79999999999999, 20.84999999999999, 20.89999999999999, 20.94999999999999, 20.99999999999999, 21.04999999999999, 21.099999999999987, 21.149999999999988, 21.19999999999999]","[array([40.30266768, 41.57827603, 42.85388438, 44.12949273, 45.40510108,
       47.38050844, 48.6545727 , 49.92863695, 51.2027012 ]), array([42.13244704, 43.47111434, 44.80978163, 46.14844893, 47.48711623,
       48.76632956, 50.10716675, 51.44800395, 52.78884114]), array([68.92500265, 70.20993373, 71.4948648 , 72.77979588, 74.06472695,
       76.36198966, 77.64692073, 78.93185181, 80.21678288])]","[[25.51216697692871, 26.773345947265625, 25.698621497840403], [25.481285095214844, 26.816743850708008, 25.698621497840403]]",25.698621497840403,1,,0.7972481716367154,test,0.39738178186121426,9,"[1, 2, 1]",post
"[119.2, 119.25, 119.30000000000001, 119.35000000000001, 119.4, 119.45, 119.5, 119.55000000000001, 119.60000000000001]","[array([43.36125039, 44.67510614, 45.98896188, 47.30281762, 48.61667337,
       49.31564918, 50.6291596 , 51.94267002, 53.25618043]), array([60.33103052, 61.64058491, 62.95013929, 64.25969368, 65.56924807,
       66.14703483, 67.45890359, 68.77077235, 70.08264112]), array([75.59789827, 76.88282935, 78.16776042, 79.4526915 , 80.73762257,
       82.30323737, 83.58816845, 84.87309952, 86.1580306 ])]","[[26.277114868164062, 26.19108772277832, 25.698621497840403], [26.27020835876465, 26.237375259399414, 25.698621497840403]]",25.698621497840403,5,,0.11705497898250301,test,0.39738178186121426,9,"[1, 2, 1]",post
