t_list,x_list,v_list,v0_scn,v0_scn_mean,n_scn,N. file,iter,DOE,processed
"[16.16, 16.21, 16.259999999999998, 16.31, 16.36, 16.41, 16.46, 16.509999999999998, 16.56, 16.61, 16.66, 16.71, 16.76]","[array([ 79.56038552,  81.18815327,  82.81592102,  84.44368878,
        86.07145653,  87.95070439,  89.82995224,  91.7092001 ,
        93.58844795,  95.50206757,  97.41568718,  99.3293068 ,
       101.24292641]), array([103.41296384, 104.60963399, 105.80630415, 107.0029743 ,
       108.19964445, 109.6402622 , 111.08087995, 112.5214977 ,
       113.96211546, 115.10161102, 116.24110658, 117.38060215,
       118.52009771]), array([120.70449223, 122.20449223, 123.70449223, 125.20449223,
       126.70449223, 128.20449223, 129.70449223, 131.20449223,
       132.70449223, 134.20449223, 135.70449223, 137.20449223,
       138.70449223])]","[[32.555355072021484, 23.93340301513672, 30.0], [37.584957122802734, 28.812355041503906, 30.0], [38.27239227294922, 22.7899112701416, 30.0]]",[30],30.0,0,3,1,"[1, 2, 1]",post
"[17.56, 17.61, 17.66, 17.71, 17.76, 17.810000000000002, 17.86, 17.91, 17.96]","[array([47.71833773, 48.72258311, 49.72682849, 50.73107386, 51.73531924,
       52.2463503 , 52.75738135, 53.26841241, 53.77944346]), array([63.24480263, 67.09420982, 70.94361702, 74.79302421, 78.64243141,
       80.51376224, 82.38509308, 84.25642391, 86.12775474]), array([125.48716658, 126.98716658, 128.48716658, 129.98716658,
       131.48716658, 132.98716658, 134.48716658, 135.98716658,
       137.48716658])]","[[20.08490753173828, 76.98814392089844, 30.0], [10.220621109008789, 37.42661666870117, 30.0]]",[30],30.0,1,3,1,"[1, 2, 1]",post
"[23.96, 24.01, 24.060000000000002, 24.11, 24.16, 24.21, 24.259999999999998, 24.31, 24.36, 24.41, 24.46, 24.51, 24.560000000000002, 24.610000000000003, 24.660000000000004, 24.71, 24.76]","[array([63.62283422, 63.82659823, 64.03036224, 64.23412624, 64.43789025,
       64.71280233, 64.9877144 , 65.26262647, 65.53753854, 65.61145331,
       65.68536807, 65.75928284, 65.8331976 , 66.02969793, 66.22619825,
       66.42269858, 66.61919891]), array([69.18287647, 70.0171747 , 70.85147293, 71.68577115, 72.52006938,
       74.32802074, 76.13597209, 77.94392345, 79.7518748 , 80.56671979,
       81.38156478, 82.19640977, 83.01125476, 84.35119922, 85.69114368,
       87.03108814, 88.37103259]), array([ 96.78974958,  98.28974958,  99.78974958, 101.28974958,
       102.78974958, 104.28974958, 105.78974958, 107.28974958,
       108.78974958, 110.28974958, 111.78974958, 113.28974958,
       114.78974958, 116.28974958, 117.78974958, 119.28974958,
       120.78974958])]","[[4.07528018951416, 16.685964584350586, 30.0], [5.498241424560547, 36.159027099609375, 30.0], [1.4782953262329102, 16.296899795532227, 30.0], [3.930006504058838, 26.79888916015625, 30.0]]",[30],30.0,2,3,1,"[1, 2, 1]",post
"[42.96, 43.010000000000005, 43.06, 43.11, 43.160000000000004, 43.21, 43.260000000000005, 43.31, 43.36, 43.41, 43.46, 43.510000000000005, 43.56, 43.61, 43.660000000000004, 43.71000000000001, 43.760000000000005]","[array([68.61775485, 69.42411357, 70.23047229, 71.036831  , 71.84318972,
       72.76631375, 73.68943778, 74.61256181, 75.53568583, 76.75373688,
       77.97178794, 79.18983899, 80.40789004, 81.65311843, 82.89834681,
       84.1435752 , 85.38880358]), array([84.01468528, 84.62465189, 85.2346185 , 85.84458511, 86.45455172,
       87.12373684, 87.79292195, 88.46210707, 89.13129218, 89.43644855,
       89.74160493, 90.0467613 , 90.35191768, 90.79618285, 91.24044802,
       91.6847132 , 92.12897837]), array([ 95.37627021,  96.87627021,  98.37627021,  99.87627021,
       101.37627021, 102.87627021, 104.37627021, 105.87627021,
       107.37627021, 108.87627021, 110.37627021, 111.87627021,
       113.37627021, 114.87627021, 116.37627021, 117.87627021,
       119.37627021])]","[[16.127174377441406, 12.199332237243652, 30.0], [18.462480545043945, 13.383702278137207, 30.0], [24.361021041870117, 6.103127479553223, 30.0], [24.90456771850586, 8.885303497314453, 30.0]]",[30],30.0,3,3,1,"[1, 2, 1]",post
"[61.760000000000005, 61.81, 61.86, 61.910000000000004, 61.96, 62.010000000000005, 62.06, 62.11, 62.160000000000004]","[array([103.54531454, 104.23740524, 104.92949594, 105.62158664,
       106.31367734, 106.81784371, 107.32201007, 107.82617644,
       108.3303428 ]), array([113.66331947, 114.25276315, 114.84220683, 115.43165052,
       116.0210942 , 117.19301002, 118.36492584, 119.53684165,
       120.70875747]), array([122.12853743, 123.62853743, 125.12853743, 126.62853743,
       128.12853743, 129.62853743, 131.12853743, 132.62853743,
       134.12853743])]","[[13.841814041137695, 11.788873672485352, 30.0], [10.083327293395996, 23.438316345214844, 30.0]]",[30],30.0,4,3,1,"[1, 2, 1]",post
"[63.760000000000005, 63.81, 63.86, 63.910000000000004, 63.96, 64.01, 64.06, 64.11000000000001, 64.16000000000001]","[array([ 85.75723668,  91.09784604,  96.4384554 , 101.77906476,
       107.11967412, 110.69796582, 114.27625752, 117.85454923,
       121.43284093]), array([125.38086993, 128.16451289, 130.94815585, 133.73179881,
       136.51544177, 138.62607218, 140.7367026 , 142.84733302,
       144.95796343]), array([145.69368106, 147.19368106, 148.69368106, 150.19368106,
       151.69368106, 153.19368106, 154.69368106, 156.19368106,
       157.69368106])]","[[106.81218719482422, 55.67285919189453, 30.0], [71.56583404541016, 42.212608337402344, 30.0]]",[30],30.0,5,3,1,"[1, 2, 1]",post
"[67.16, 67.21, 67.25999999999999, 67.31, 67.36, 67.41, 67.46000000000001, 67.51, 67.56, 67.61, 67.66, 67.71000000000001, 67.76]","[array([37.93351752, 41.21430709, 44.49509666, 47.77588622, 51.05667579,
       51.06435874, 51.07204169, 51.07972465, 51.0874076 , 51.17481145,
       51.2622153 , 51.34961915, 51.43702301]), array([80.13248877, 81.82047286, 83.50845694, 85.19644103, 86.88442511,
       86.89844377, 86.91246243, 86.92648109, 86.94049975, 87.00140324,
       87.06230673, 87.12321022, 87.18411371]), array([101.37755007, 102.87755007, 104.37755007, 105.87755007,
       107.37755007, 108.87755007, 110.37755007, 111.87755007,
       113.37755007, 114.87755007, 116.37755007, 117.87755007,
       119.37755007])]","[[65.61579132080078, 33.759681701660156, 30.0], [0.15365904569625854, 0.2803731858730316, 30.0], [1.7480770349502563, 1.2180697917938232, 30.0]]",[30],30.0,6,3,1,"[1, 2, 1]",post
"[72.76, 72.81, 72.86000000000001, 72.91000000000001, 72.96000000000001, 73.01, 73.06, 73.11, 73.16, 73.21, 73.25999999999999, 73.31, 73.36, 73.41, 73.46000000000001, 73.51, 73.56, 73.61, 73.66, 73.71000000000001, 73.76, 73.81, 73.86000000000001, 73.91000000000001, 73.96000000000001, 74.01, 74.06, 74.11, 74.16]","[array([49.09392642, 49.33510915, 49.57629188, 49.81747461, 50.05865735,
       50.36995605, 50.68125475, 50.99255346, 51.30385216, 51.68665479,
       52.06945742, 52.45226005, 52.83506268, 53.28133186, 53.72760104,
       54.17387022, 54.62013939, 55.17011179, 55.72008418, 56.27005657,
       56.82002896, 57.42212313, 58.02421731, 58.62631148, 59.22840565,
       59.87320756, 60.51800946, 61.16281136, 61.80761326]), array([79.35639564, 79.50672656, 79.65705747, 79.80738838, 79.9577193 ,
       80.12864799, 80.29957668, 80.47050537, 80.64143407, 80.82960528,
       81.01777648, 81.20594769, 81.3941189 , 81.59743773, 81.80075657,
       82.0040754 , 82.20739424, 82.42646577, 82.6455373 , 82.86460883,
       83.08368036, 83.42963659, 83.77559282, 84.12154905, 84.46750528,
       84.82241811, 85.17733094, 85.53224377, 85.8871566 ]), array([ 96.94022185,  98.44022185,  99.94022185, 101.44022185,
       102.94022185, 104.44022185, 105.94022185, 107.44022185,
       108.94022185, 110.44022185, 111.94022185, 113.44022185,
       114.94022185, 116.44022185, 117.94022185, 119.44022185,
       120.94022185, 122.44022185, 123.94022185, 125.44022185,
       126.94022185, 128.44022185, 129.94022185, 131.44022185,
       132.94022185, 134.44022185, 135.94022185, 137.44022185,
       138.94022185])]","[[4.823654651641846, 3.0066182613372803, 30.0], [6.225974082946777, 3.4185738563537598, 30.0], [7.656052589416504, 3.7634241580963135, 30.0], [8.925383567810059, 4.066376686096191, 30.0], [10.9994478225708, 4.381430625915527, 30.0], [12.04188346862793, 6.919124603271484, 30.0], [12.896038055419922, 7.098256587982178, 30.0]]",[30],30.0,7,3,1,"[1, 2, 1]",post
"[82.16000000000001, 82.21000000000001, 82.26, 82.31, 82.36, 82.41, 82.46000000000001, 82.51, 82.56, 82.61, 82.66, 82.71000000000001, 82.76]","[array([86.79107503, 87.09221565, 87.39335627, 87.69449689, 87.9956375 ,
       88.65131849, 89.30699948, 89.96268047, 90.61836146, 91.94101924,
       93.26367702, 94.58633479, 95.90899257]), array([ 98.01889827,  98.59733159,  99.17576492,  99.75419824,
       100.33263156, 101.93397357, 103.53531558, 105.13665759,
       106.73799961, 108.5854079 , 110.43281619, 112.28022449,
       114.12763278]), array([121.14661071, 122.64661071, 124.14661071, 125.64661071,
       127.14661071, 128.64661071, 130.14661071, 131.64661071,
       133.14661071, 134.64661071, 136.14661071, 137.64661071,
       139.14661071])]","[[6.022812366485596, 11.568666458129883, 30.0], [13.113619804382324, 32.02684020996094, 30.0], [26.453155517578125, 36.94816589355469, 30.0]]",[30],30.0,8,3,1,"[1, 2, 1]",post
"[86.16000000000001, 86.21000000000001, 86.26, 86.31, 86.36, 86.41, 86.46000000000001, 86.51, 86.56, 86.61, 86.66, 86.71000000000001, 86.76]","[array([ 86.36255019,  88.9251324 ,  91.4877146 ,  94.05029681,
        96.61287902,  98.82171767, 101.03055632, 103.23939498,
       105.44823363, 107.64586718, 109.84350074, 112.04113429,
       114.23876784]), array([118.2377992 , 123.70680097, 129.17580274, 134.64480451,
       140.11380628, 144.87993901, 149.64607175, 154.41220449,
       159.17833722, 163.74476789, 168.31119855, 172.87762922,
       177.44405988]), array([187.31693584, 188.81693584, 190.31693584, 191.81693584,
       193.31693584, 194.81693584, 196.31693584, 197.81693584,
       199.31693584, 200.81693584, 202.31693584, 203.81693584,
       205.31693584])]","[[51.251644134521484, 109.38003540039062, 30.0], [44.17677307128906, 95.3226547241211, 30.0], [43.95267105102539, 91.32861328125, 30.0]]",[30],30.0,9,3,1,"[1, 2, 1]",post
"[130.96, 131.01000000000002, 131.06, 131.11, 131.16000000000003, 131.21000000000004, 131.26000000000002, 131.31, 131.36, 131.41000000000003, 131.46000000000004, 131.51000000000002, 131.56000000000003, 131.61, 131.66000000000003, 131.71000000000004, 131.76000000000002, 131.81, 131.86, 131.91000000000003, 131.96]","[array([ 89.15483896,  90.25319359,  91.35154821,  92.44990284,
        93.54825747,  94.96187155,  96.37548563,  97.78909971,
        99.2027138 , 100.52553198, 101.84835016, 103.17116835,
       104.49398653, 106.10250742, 107.71102831, 109.3195492 ,
       110.92807009, 112.93918955, 114.95030901, 116.96142847,
       118.97254793]), array([106.94509332, 107.85471952, 108.76434572, 109.67397192,
       110.58359811, 111.27437351, 111.9651489 , 112.6559243 ,
       113.34669969, 114.16790817, 114.98911665, 115.81032512,
       116.6315336 , 117.60417602, 118.57681844, 119.54946087,
       120.52210329, 121.20167387, 121.88124445, 122.56081503,
       123.2403856 ]), array([121.49239107, 122.99239107, 124.49239107, 125.99239107,
       127.49239107, 128.99239107, 130.49239107, 131.99239107,
       133.49239107, 134.99239107, 136.49239107, 137.99239107,
       139.49239107, 140.99239107, 142.49239107, 143.99239107,
       145.49239107, 146.99239107, 148.49239107, 149.99239107,
       151.49239107])]","[[21.967092514038086, 18.192523956298828, 30.0], [28.272281646728516, 13.815507888793945, 30.0], [26.456363677978516, 16.424169540405273, 30.0], [32.17041778564453, 19.452848434448242, 30.0], [40.222389221191406, 13.591411590576172, 30.0]]",[30],30.0,10,3,1,"[1, 2, 1]",post
"[139.16000000000003, 139.21000000000004, 139.26000000000002, 139.31, 139.36, 139.41000000000003, 139.46000000000004, 139.51000000000002, 139.56000000000003, 139.61, 139.66000000000003, 139.71000000000004, 139.76000000000002, 139.81, 139.86, 139.91000000000003, 139.96, 140.01000000000002, 140.06, 140.11, 140.16000000000003, 140.21000000000004, 140.26000000000002, 140.31, 140.36, 140.41000000000003, 140.46000000000004, 140.51000000000002, 140.56000000000003, 140.61, 140.66000000000003, 140.71000000000004, 140.76000000000002, 140.81, 140.86, 140.91000000000003, 140.96, 141.01000000000002, 141.06, 141.11, 141.16000000000003, 141.21000000000004, 141.26000000000002, 141.31, 141.36, 141.41000000000003, 141.46000000000004, 141.51000000000002, 141.56000000000003]","[array([ 25.37326223,  27.68585512,  29.99844801,  32.31104089,
        34.62363378,  35.84976923,  37.07590467,  38.30204012,
        39.52817556,  40.75191776,  41.97565996,  43.19940216,
        44.42314436,  46.19192716,  47.96070997,  49.72949278,
        51.49827558,  52.81222183,  54.12616808,  55.44011432,
        56.75406057,  58.2832514 ,  59.81244222,  61.34163305,
        62.87082388,  64.39184009,  65.91285631,  67.43387252,
        68.95488874,  70.35692436,  71.75895998,  73.16099559,
        74.56303121,  76.36274473,  78.16245824,  79.96217176,
        81.76188528,  83.66776277,  85.57364027,  87.47951776,
        89.38539526,  90.67718546,  91.96897565,  93.26076585,
        94.55255605,  95.93078481,  97.30901357,  98.68724233,
       100.06547109]), array([60.26429634, 60.5944308 , 60.92456527, 61.25469973, 61.58483419,
       61.80343821, 62.02204223, 62.24064624, 62.45925026, 62.6668606 ,
       62.87447095, 63.08208129, 63.28969164, 63.51685476, 63.74401789,
       63.97118101, 64.19834414, 64.44935958, 64.70037503, 64.95139048,
       65.20240593, 65.31492637, 65.42744682, 65.53996726, 65.65248771,
       65.75292596, 65.85336421, 65.95380245, 66.0542407 , 66.2288478 ,
       66.4034549 , 66.578062  , 66.7526691 , 66.92649689, 67.10032468,
       67.27415247, 67.44798026, 67.56010362, 67.67222698, 67.78435034,
       67.89647369, 68.09169861, 68.28692353, 68.48214844, 68.67737336,
       68.80333507, 68.92929678, 69.05525849, 69.1812202 ]), array([ 64.36394134,  65.86394134,  67.36394134,  68.86394134,
        70.36394134,  71.86394134,  73.36394134,  74.86394134,
        76.36394134,  77.86394134,  79.36394134,  80.86394134,
        82.36394134,  83.86394134,  85.36394134,  86.86394134,
        88.36394134,  89.86394134,  91.36394134,  92.86394134,
        94.36394134,  95.86394134,  97.36394134,  98.86394134,
       100.36394134, 101.86394134, 103.36394134, 104.86394134,
       106.36394134, 107.86394134, 109.36394134, 110.86394134,
       112.36394134, 113.86394134, 115.36394134, 116.86394134,
       118.36394134, 119.86394134, 121.36394134, 122.86394134,
       124.36394134, 125.86394134, 127.36394134, 128.86394134,
       130.36394134, 131.86394134, 133.36394134, 134.86394134,
       136.36394134])]","[[46.25185775756836, 6.602689266204834, 30.0], [24.522708892822266, 4.372080326080322, 30.0], [24.474843978881836, 4.152206897735596, 30.0], [35.37565612792969, 4.543262481689453, 30.0], [26.2789249420166, 5.020308971405029, 30.0], [30.583816528320312, 2.250408887863159, 30.0], [30.420324325561523, 2.0087649822235107, 30.0], [28.040712356567383, 3.4921419620513916, 30.0], [35.99427032470703, 3.476555824279785, 30.0], [38.117549896240234, 2.242467164993286, 30.0], [25.835803985595703, 3.904498338699341, 30.0], [27.5645751953125, 2.5192341804504395, 30.0]]",[30],30.0,11,3,1,"[1, 2, 1]",post
"[143.76000000000002, 143.81, 143.86, 143.91000000000003, 143.96, 144.01000000000002, 144.06, 144.11, 144.16000000000003, 144.21000000000004, 144.26000000000002, 144.31, 144.36]","[array([56.79606742, 57.78642339, 58.77677935, 59.76713532, 60.75749129,
       62.89485568, 65.03222007, 67.16958445, 69.30694884, 70.94135436,
       72.57575988, 74.21016539, 75.84457091]), array([82.95286638, 83.58830062, 84.22373487, 84.85916912, 85.49460336,
       86.53447515, 87.57434694, 88.61421873, 89.65409051, 90.36605913,
       91.07802774, 91.78999635, 92.50196496]), array([ 99.16944616, 100.66944616, 102.16944616, 103.66944616,
       105.16944616, 106.66944616, 108.16944616, 109.66944616,
       111.16944616, 112.66944616, 114.16944616, 115.66944616,
       117.16944616])]","[[19.807119369506836, 12.708684921264648, 30.0], [42.74728775024414, 20.797435760498047, 30.0], [32.6881103515625, 14.239372253417969, 30.0]]",[30],30.0,12,3,1,"[1, 2, 1]",post
"[149.36, 149.41000000000003, 149.46000000000004, 149.51000000000002, 149.56000000000003, 149.61, 149.66000000000003, 149.71000000000004, 149.76000000000002, 149.81, 149.86, 149.91000000000003, 149.96]","[array([29.60415126, 30.18314406, 30.76213686, 31.34112965, 31.92012245,
       32.12449199, 32.32886154, 32.53323108, 32.73760063, 32.94367541,
       33.1497502 , 33.35582499, 33.56189977]), array([39.17755229, 43.39645793, 47.61536357, 51.83426921, 56.05317484,
       57.31577441, 58.57837397, 59.84097354, 61.1035731 , 62.39270779,
       63.68184249, 64.97097718, 66.26011187]), array([116.84413462, 118.34413462, 119.84413462, 121.34413462,
       122.84413462, 124.34413462, 125.84413462, 127.34413462,
       128.84413462, 130.34413462, 131.84413462, 133.34413462,
       134.84413462])]","[[11.579855918884277, 84.37811279296875, 30.0], [4.087390899658203, 25.251991271972656, 30.0], [4.121495723724365, 25.78269386291504, 30.0]]",[30],30.0,13,3,1,"[1, 2, 1]",post
"[156.16000000000003, 156.21000000000004, 156.26000000000002, 156.31, 156.36, 156.41000000000003, 156.46000000000004, 156.51000000000002, 156.56000000000003, 156.61, 156.66000000000003, 156.71000000000004, 156.76000000000002]","[array([79.47440706, 79.52311143, 79.5718158 , 79.62052017, 79.66922454,
       79.81564347, 79.9620624 , 80.10848133, 80.25490026, 80.37251498,
       80.4901297 , 80.60774442, 80.72535915]), array([79.81813133, 80.57272704, 81.32732275, 82.08191846, 82.83651417,
       83.69374788, 84.5509816 , 85.40821531, 86.26544903, 87.31652516,
       88.36760128, 89.41867741, 90.46975353]), array([117.92772062, 119.42772062, 120.92772062, 122.42772062,
       123.92772062, 125.42772062, 126.92772062, 128.42772062,
       129.92772062, 131.42772062, 132.92772062, 134.42772062,
       135.92772062])]","[[0.9740874171257019, 15.091914176940918, 30.0], [2.9283785820007324, 17.14467430114746, 30.0], [2.352294445037842, 21.021522521972656, 30.0]]",[30],30.0,14,3,1,"[1, 2, 1]",post
"[207.96000000000004, 208.01000000000005, 208.06000000000003, 208.11, 208.16000000000003, 208.21000000000004, 208.26000000000002, 208.31, 208.36, 208.41000000000003, 208.46000000000004, 208.51000000000002, 208.56000000000003, 208.61, 208.66000000000003, 208.71000000000004, 208.76000000000002]","[array([39.23328026, 39.86712506, 40.50096987, 41.13481467, 41.76865948,
       42.47729891, 43.18593834, 43.89457777, 44.6032172 , 45.3669504 ,
       46.13068359, 46.89441679, 47.65814998, 48.45938833, 49.26062668,
       50.06186502, 50.86310337]), array([61.85441216, 62.15227521, 62.45013826, 62.74800132, 63.04586437,
       63.4057643 , 63.76566423, 64.12556415, 64.48546408, 64.95820659,
       65.4309491 , 65.90369161, 66.37643412, 66.82860601, 67.28077791,
       67.73294981, 68.18512171]), array([71.45752599, 72.95752599, 74.45752599, 75.95752599, 77.45752599,
       78.95752599, 80.45752599, 81.95752599, 83.45752599, 84.95752599,
       86.45752599, 87.95752599, 89.45752599, 90.95752599, 92.45752599,
       93.95752599, 95.45752599])]","[[12.676896095275879, 5.957261085510254, 30.0], [14.172788619995117, 7.197998523712158, 30.0], [15.274663925170898, 9.454850196838379, 30.0], [16.02476692199707, 9.043437957763672, 30.0]]",[30],30.0,15,3,1,"[1, 2, 1]",post
"[218.16000000000003, 218.21000000000004, 218.26000000000002, 218.31, 218.36, 218.41000000000003, 218.46000000000004, 218.51000000000002, 218.56000000000003, 218.61, 218.66000000000003, 218.71000000000004, 218.76000000000002, 218.81000000000003, 218.86, 218.91000000000003, 218.96000000000004, 219.01000000000005, 219.06000000000003, 219.11, 219.16000000000003]","[array([37.22625937, 37.72068767, 38.21511597, 38.70954427, 39.20397257,
       39.94325465, 40.68253674, 41.42181882, 42.1611009 , 42.953201  ,
       43.7453011 , 44.53740119, 45.32950129, 46.29242567, 47.25535006,
       48.21827444, 49.18119883, 49.78125433, 50.38130984, 50.98136534,
       51.58142084]), array([48.34161054, 49.5393366 , 50.73706266, 51.93478872, 53.13251478,
       54.79761602, 56.46271726, 58.1278185 , 59.79291975, 61.72829687,
       63.66367399, 65.59905111, 67.53442823, 69.63001157, 71.72559492,
       73.82117826, 75.9167616 , 77.48514387, 79.05352613, 80.62190839,
       82.19029066]), array([ 77.43817715,  78.93817715,  80.43817715,  81.93817715,
        83.43817715,  84.93817715,  86.43817715,  87.93817715,
        89.43817715,  90.93817715,  92.43817715,  93.93817715,
        95.43817715,  96.93817715,  98.43817715,  99.93817715,
       101.43817715, 102.93817715, 104.43817715, 105.93817715,
       107.43817715])]","[[9.888566017150879, 23.95452117919922, 30.0], [14.78564167022705, 33.302024841308594, 30.0], [15.842001914978027, 38.707542419433594, 30.0], [19.258487701416016, 41.91166687011719, 30.0], [12.001110076904297, 31.367645263671875, 30.0]]",[30],30.0,16,3,1,"[1, 2, 1]",post
"[222.96000000000004, 223.01000000000005, 223.06000000000003, 223.11, 223.16000000000003, 223.21000000000004, 223.26000000000002, 223.31, 223.36, 223.41000000000003, 223.46000000000004, 223.51000000000002, 223.56000000000003, 223.61, 223.66000000000003, 223.71000000000004, 223.76000000000002]","[array([34.90517347, 36.58678625, 38.26839902, 39.9500118 , 41.63162458,
       44.03429391, 46.43696325, 48.83963258, 51.24230192, 52.700014  ,
       54.15772607, 55.61543815, 57.07315023, 58.89136884, 60.70958746,
       62.52780607, 64.34602468]), array([60.14629337, 61.43138839, 62.71648342, 64.00157844, 65.28667346,
       66.83687497, 68.38707649, 69.937278  , 71.48747951, 72.506627  ,
       73.52577449, 74.54492198, 75.56406947, 76.94695388, 78.32983829,
       79.7127227 , 81.0956071 ]), array([ 79.15405025,  80.65405025,  82.15405025,  83.65405025,
        85.15405025,  86.65405025,  88.15405025,  89.65405025,
        91.15405025,  92.65405025,  94.15405025,  95.65405025,
        97.15405025,  98.65405025, 100.15405025, 101.65405025,
       103.15405025])]","[[33.63225555419922, 25.701900482177734, 30.0], [48.05338668823242, 31.004030227661133, 30.0], [29.15424156188965, 20.382949829101562, 30.0], [36.36437225341797, 27.65768814086914, 30.0]]",[30],30.0,17,3,1,"[1, 2, 1]",post
"[247.36, 247.41000000000003, 247.46000000000004, 247.51000000000002, 247.56000000000003, 247.61, 247.66000000000003, 247.71000000000004, 247.76000000000002, 247.81000000000003, 247.86, 247.91000000000003, 247.96000000000004, 248.01000000000005, 248.06000000000003, 248.11, 248.16000000000003, 248.21000000000004, 248.26000000000002, 248.31, 248.36, 248.41000000000003, 248.46000000000004, 248.51000000000002, 248.56000000000003]","[array([46.77954683, 48.67428427, 50.5690217 , 52.46375913, 54.35849657,
       55.35938854, 56.36028051, 57.36117248, 58.36206446, 59.62642088,
       60.8907773 , 62.15513372, 63.41949015, 64.87622795, 66.33296575,
       67.78970356, 69.24644136, 70.84748869, 72.44853601, 74.04958334,
       75.65063066, 77.29882326, 78.94701586, 80.59520845, 82.24340105]), array([68.97298781, 69.06915603, 69.16532426, 69.26149248, 69.35766071,
       69.42422584, 69.49079096, 69.55735609, 69.62392122, 69.71021985,
       69.79651848, 69.88281711, 69.96911575, 70.07610326, 70.18309077,
       70.29007828, 70.39706579, 70.61097537, 70.82488495, 71.03879453,
       71.25270411, 71.40283815, 71.55297219, 71.70310622, 71.85324026]), array([ 69.06499623,  70.56499623,  72.06499623,  73.56499623,
        75.06499623,  76.56499623,  78.06499623,  79.56499623,
        81.06499623,  82.56499623,  84.06499623,  85.56499623,
        87.06499623,  88.56499623,  90.06499623,  91.56499623,
        93.06499623,  94.56499623,  96.06499623,  97.56499623,
        99.06499623, 100.56499623, 102.06499623, 103.56499623,
       105.06499623])]","[[37.89474868774414, 1.923364520072937, 30.0], [20.017839431762695, 1.331302523612976, 30.0], [25.287128448486328, 1.7259726524353027, 30.0], [29.134756088256836, 2.1397502422332764, 30.0], [32.02094650268555, 4.278191566467285, 30.0], [32.96385192871094, 3.002680778503418, 30.0]]",[30],30.0,18,3,1,"[1, 2, 1]",post
"[269.56, 269.61, 269.66, 269.71000000000004, 269.76000000000005, 269.81000000000006, 269.86, 269.91, 269.96000000000004, 270.01000000000005, 270.06000000000006, 270.11, 270.16, 270.21000000000004, 270.26, 270.31, 270.36, 270.41, 270.46000000000004, 270.51, 270.56, 270.61, 270.66, 270.71000000000004, 270.76000000000005, 270.81000000000006, 270.86, 270.91, 270.96000000000004]","[array([17.07055855, 18.09618912, 19.12181969, 20.14745026, 21.17308083,
       22.27404499, 23.37500915, 24.47597332, 25.57693748, 26.69267836,
       27.80841923, 28.9241601 , 30.03990097, 31.26252108, 32.48514118,
       33.70776129, 34.93038139, 36.12860508, 37.32682877, 38.52505245,
       39.72327614, 40.86558046, 42.00788479, 43.15018911, 44.29249344,
       45.46029291, 46.62809238, 47.79589186, 48.96369133]), array([31.37509173, 32.8224883 , 34.26988486, 35.71728143, 37.16467799,
       38.53574685, 39.90681571, 41.27788457, 42.64895343, 44.10114869,
       45.55334395, 47.00553921, 48.45773448, 49.93091563, 51.40409678,
       52.87727793, 54.35045909, 55.92190503, 57.49335097, 59.06479691,
       60.63624285, 62.21073092, 63.78521899, 65.35970706, 66.93419513,
       68.38763741, 69.8410797 , 71.29452199, 72.74796427]), array([52.12979653, 53.62979653, 55.12979653, 56.62979653, 58.12979653,
       59.62979653, 61.12979653, 62.62979653, 64.12979653, 65.62979653,
       67.12979653, 68.62979653, 70.12979653, 71.62979653, 73.12979653,
       74.62979653, 76.12979653, 77.62979653, 79.12979653, 80.62979653,
       82.12979653, 83.62979653, 85.12979653, 86.62979653, 88.12979653,
       89.62979653, 91.12979653, 92.62979653, 94.12979653])]","[[20.512611389160156, 28.94793128967285, 30.0], [22.019283294677734, 27.421377182006836, 30.0], [22.314817428588867, 29.04390525817871, 30.0], [24.452402114868164, 29.463623046875, 30.0], [23.964473724365234, 31.428918838500977, 30.0], [22.846086502075195, 31.489761352539062, 30.0], [23.355989456176758, 29.068845748901367, 30.0]]",[30],30.0,19,3,1,"[1, 2, 1]",post
"[316.15999999999997, 316.21, 316.26, 316.30999999999995, 316.35999999999996, 316.40999999999997, 316.46, 316.51, 316.56]","[array([70.15141236, 71.7243014 , 73.29719045, 74.87007949, 76.44296853,
       77.81927888, 79.19558923, 80.57189958, 81.94820992]), array([91.42211125, 91.94724729, 92.47238333, 92.99751937, 93.52265542,
       94.1779022 , 94.83314898, 95.48839576, 96.14364254]), array([ 97.63716085,  99.13716085, 100.63716085, 102.13716085,
       103.63716085, 105.13716085, 106.63716085, 108.13716085,
       109.63716085])]","[[31.457780838012695, 10.502720832824707, 30.0], [27.526206970214844, 13.104935646057129, 30.0]]",[30],30.0,20,3,1,"[1, 2, 1]",post
"[317.76, 317.81, 317.86, 317.90999999999997, 317.96, 318.01, 318.05999999999995, 318.10999999999996, 318.15999999999997, 318.21, 318.26, 318.30999999999995, 318.35999999999996, 318.40999999999997, 318.46, 318.51, 318.56]","[array([82.05441698, 82.46717714, 82.87993731, 83.29269747, 83.70545763,
       84.34238724, 84.97931685, 85.61624645, 86.25317606, 87.18946118,
       88.12574629, 89.0620314 , 89.99831652, 91.10665135, 92.21498617,
       93.323321  , 94.43165583]), array([86.11497953, 86.39167931, 86.66837909, 86.94507887, 87.22177865,
       87.47829816, 87.73481767, 87.99133718, 88.24785669, 88.50279837,
       88.75774004, 89.01268172, 89.2676234 , 89.88515389, 90.50268438,
       91.12021487, 91.73774536]), array([ 88.42163857,  89.92163857,  91.42163857,  92.92163857,
        94.42163857,  95.92163857,  97.42163857,  98.92163857,
       100.42163857, 101.92163857, 103.42163857, 104.92163857,
       106.42163857, 107.92163857, 109.42163857, 110.92163857,
       112.42163857])]","[[8.255203247070312, 5.533995628356934, 30.0], [12.738592147827148, 5.130390167236328, 30.0], [18.7257022857666, 5.0988335609436035, 30.0], [22.166696548461914, 12.35060977935791, 30.0]]",[30],30.0,21,3,1,"[1, 2, 1]",post
"[325.76, 325.81, 325.86, 325.90999999999997, 325.96, 326.01, 326.05999999999995, 326.10999999999996, 326.15999999999997, 326.21, 326.26, 326.30999999999995, 326.35999999999996, 326.40999999999997, 326.46, 326.51, 326.56, 326.61, 326.65999999999997, 326.71, 326.76, 326.81, 326.86, 326.90999999999997, 326.96]","[array([32.61251921, 35.07028765, 37.52805609, 39.98582453, 42.44359297,
       44.42918142, 46.41476988, 48.40035833, 50.38594679, 52.26306452,
       54.14018225, 56.01729998, 57.89441771, 59.63434996, 61.37428221,
       63.11421446, 64.85414671, 66.55670256, 68.2592584 , 69.96181425,
       71.6643701 , 73.31772741, 74.97108473, 76.62444204, 78.27779936]), array([ 47.44557779,  52.42689798,  57.40821817,  62.38953836,
        67.37085855,  71.12003381,  74.86920907,  78.61838434,
        82.3675596 ,  85.66706941,  88.96657922,  92.26608903,
        95.56559884,  98.59874341, 101.63188798, 104.66503255,
       107.69817712, 110.47912881, 113.2600805 , 116.04103219,
       118.82198388, 121.41187055, 124.00175722, 126.59164388,
       129.18153055]), array([ 78.50398385,  80.00398385,  81.50398385,  83.00398385,
        84.50398385,  86.00398385,  87.50398385,  89.00398385,
        90.50398385,  92.00398385,  93.50398385,  95.00398385,
        96.50398385,  98.00398385,  99.50398385, 101.00398385,
       102.50398385, 104.00398385, 105.50398385, 107.00398385,
       108.50398385, 110.00398385, 111.50398385, 113.00398385,
       114.50398385])]","[[49.15536880493164, 99.62640380859375, 30.0], [39.711769104003906, 74.98350524902344, 30.0], [37.542354583740234, 65.99019622802734, 30.0], [34.79864501953125, 60.66289138793945, 30.0], [34.051116943359375, 55.61903381347656, 30.0], [33.06714630126953, 51.797733306884766, 30.0]]",[30],30.0,22,3,1,"[1, 2, 1]",post
"[335.76, 335.81, 335.86, 335.90999999999997, 335.96, 336.01, 336.05999999999995, 336.10999999999996, 336.15999999999997]","[array([56.67433805, 59.2866641 , 61.89899015, 64.5113162 , 67.12364225,
       68.47094249, 69.81824274, 71.16554298, 72.51284322]), array([93.2827732 , 94.47667884, 95.67058448, 96.86449012, 98.05839576,
       98.49355435, 98.92871293, 99.36387152, 99.7990301 ]), array([109.14277665, 110.64277665, 112.14277665, 113.64277665,
       115.14277665, 116.64277665, 118.14277665, 119.64277665,
       121.14277665])]","[[52.24652099609375, 23.87811279296875, 30.0], [26.94600486755371, 8.703171730041504, 30.0]]",[30],30.0,23,3,1,"[1, 2, 1]",post
"[371.15999999999997, 371.21, 371.26, 371.31, 371.36, 371.40999999999997, 371.46, 371.51, 371.55999999999995, 371.60999999999996, 371.65999999999997, 371.71, 371.76]","[array([26.24349805, 27.45402986, 28.66456167, 29.87509348, 31.08562528,
       31.94498474, 32.80434419, 33.66370365, 34.5230631 , 35.36479093,
       36.20651876, 37.04824659, 37.88997442]), array([44.08143679, 47.08895766, 50.09647853, 53.10399939, 56.11152026,
       58.15838515, 60.20525004, 62.25211493, 64.29897982, 66.21971461,
       68.1404494 , 70.06118418, 71.98191897]), array([ 90.92969142,  92.42969142,  93.92969142,  95.42969142,
        96.92969142,  98.42969142,  99.92969142, 101.42969142,
       102.92969142, 104.42969142, 105.92969142, 107.42969142,
       108.92969142])]","[[24.210636138916016, 60.15041732788086, 30.0], [17.18718910217285, 40.93729782104492, 30.0], [16.834556579589844, 38.414695739746094, 30.0]]",[30],30.0,24,3,1,"[1, 2, 1]",post
"[387.36, 387.40999999999997, 387.46, 387.51, 387.55999999999995, 387.60999999999996, 387.65999999999997, 387.71, 387.76, 387.81, 387.86, 387.90999999999997, 387.96, 388.01, 388.05999999999995, 388.10999999999996, 388.15999999999997]","[array([52.68286928, 53.23694796, 53.79102663, 54.3451053 , 54.89918398,
       55.60346207, 56.30774015, 57.01201824, 57.71629633, 58.44357752,
       59.17085871, 59.8981399 , 60.62542109, 61.33036489, 62.03530869,
       62.74025248, 63.44519628]), array([65.57470162, 66.67868731, 67.782673  , 68.88665869, 69.99064438,
       71.1628566 , 72.33506882, 73.50728104, 74.67949326, 76.07126563,
       77.46303799, 78.85481036, 80.24658272, 81.75258925, 83.25859578,
       84.7646023 , 86.27060883]), array([ 93.76823938,  95.26823938,  96.76823938,  98.26823938,
        99.76823938, 101.26823938, 102.76823938, 104.26823938,
       105.76823938, 107.26823938, 108.76823938, 110.26823938,
       111.76823938, 113.26823938, 114.76823938, 116.26823938,
       117.76823938])]","[[11.081573486328125, 22.079713821411133, 30.0], [14.085561752319336, 23.444244384765625, 30.0], [14.545623779296875, 27.835447311401367, 30.0], [14.098875999450684, 30.12013053894043, 30.0]]",[30],30.0,25,3,1,"[1, 2, 1]",post
"[390.36, 390.40999999999997, 390.46, 390.51, 390.55999999999995, 390.60999999999996, 390.65999999999997, 390.71, 390.76]","[array([64.63261955, 65.60361192, 66.57460429, 67.54559667, 68.51658904,
       69.58918054, 70.66177203, 71.73436353, 72.80695503]), array([82.78651956, 83.65735372, 84.52818788, 85.39902204, 86.2698562 ,
       87.35626768, 88.44267916, 89.52909063, 90.61550211]), array([ 98.85707031, 100.35707031, 101.85707031, 103.35707031,
       104.85707031, 106.35707031, 107.85707031, 109.35707031,
       110.85707031])]","[[19.41984748840332, 17.416683197021484, 30.0], [21.45182991027832, 21.728229522705078, 30.0]]",[30],30.0,26,3,1,"[1, 2, 1]",post
"[427.96, 428.01, 428.05999999999995, 428.10999999999996, 428.15999999999997, 428.21, 428.26, 428.31, 428.36, 428.40999999999997, 428.46, 428.51, 428.55999999999995, 428.60999999999996, 428.65999999999997, 428.71, 428.76]","[array([37.61123615, 37.88268557, 38.154135  , 38.42558442, 38.69703384,
       38.85291404, 39.00879424, 39.16467444, 39.32055465, 39.46524312,
       39.6099316 , 39.75462007, 39.89930855, 40.10686258, 40.31441661,
       40.52197064, 40.72952467]), array([40.49608054, 43.63304362, 46.77000671, 49.90696979, 53.04393287,
       55.75902228, 58.4741117 , 61.18920112, 63.90429053, 66.34824939,
       68.79220824, 71.2361671 , 73.68012595, 75.93546786, 78.19080978,
       80.44615169, 82.7014936 ]), array([ 92.85634631,  94.35634631,  95.85634631,  97.35634631,
        98.85634631, 100.35634631, 101.85634631, 103.35634631,
       104.85634631, 106.35634631, 107.85634631, 109.35634631,
       110.85634631, 112.35634631, 113.85634631, 115.35634631,
       116.85634631])]","[[5.428988456726074, 62.739261627197266, 30.0], [3.1176040172576904, 54.301788330078125, 30.0], [2.8937695026397705, 48.87917709350586, 30.0], [4.15108060836792, 45.10683822631836, 30.0]]",[30],30.0,27,3,1,"[1, 2, 1]",post
"[439.36, 439.40999999999997, 439.46, 439.51, 439.55999999999995, 439.60999999999996, 439.65999999999997, 439.71, 439.76, 439.81, 439.86, 439.90999999999997, 439.96]","[array([80.68457086, 80.99626503, 81.3079592 , 81.61965336, 81.93134753,
       82.20322427, 82.47510101, 82.74697776, 83.0188545 , 83.17968647,
       83.34051845, 83.50135042, 83.6621824 ]), array([86.60032706, 86.90797339, 87.21561971, 87.52326603, 87.83091235,
       88.27251983, 88.7141273 , 89.15573478, 89.59734225, 90.13825422,
       90.67916618, 91.22007814, 91.7609901 ]), array([ 92.40595544,  93.90595544,  95.40595544,  96.90595544,
        98.40595544,  99.90595544, 101.40595544, 102.90595544,
       104.40595544, 105.90595544, 107.40595544, 108.90595544,
       110.40595544])]","[[6.233883380889893, 6.152926445007324, 30.0], [5.437534809112549, 8.832149505615234, 30.0], [3.216639518737793, 10.818239212036133, 30.0]]",[30],30.0,28,3,1,"[1, 2, 1]",post
"[448.36, 448.40999999999997, 448.46, 448.51, 448.55999999999995, 448.60999999999996, 448.65999999999997, 448.71, 448.76]","[array([70.9582235 , 72.18332602, 73.40842854, 74.63353106, 75.85863358,
       77.09402892, 78.32942425, 79.56481959, 80.80021492]), array([ 96.98910386,  97.78526394,  98.58142402,  99.37758409,
       100.17374417, 101.07744624, 101.98114831, 102.88485038,
       103.78855244]), array([113.11253294, 114.61253294, 116.11253294, 117.61253294,
       119.11253294, 120.61253294, 122.11253294, 123.61253294,
       125.11253294])]","[[24.502050399780273, 15.923201560974121, 30.0], [24.70790672302246, 18.07404136657715, 30.0]]",[30],30.0,29,3,1,"[1, 2, 1]",post
"[465.15999999999997, 465.21, 465.26, 465.31, 465.36, 465.40999999999997, 465.46, 465.51, 465.55999999999995, 465.60999999999996, 465.65999999999997, 465.71, 465.76, 465.81, 465.86, 465.90999999999997, 465.96, 466.01, 466.05999999999995, 466.10999999999996, 466.15999999999997, 466.21, 466.26, 466.31, 466.36, 466.40999999999997, 466.46, 466.51, 466.55999999999995]","[array([17.86092615, 19.78434229, 21.70775842, 23.63117456, 25.5545907 ,
       27.01061535, 28.46663999, 29.92266464, 31.37868929, 32.94601888,
       34.51334848, 36.08067808, 37.64800768, 39.17180843, 40.69560918,
       42.21940994, 43.74321069, 45.2287734 , 46.71433611, 48.19989881,
       49.68546152, 51.07299823, 52.46053495, 53.84807167, 55.23560838,
       57.04366846, 58.85172853, 60.65978861, 62.46784868]), array([55.87201294, 56.84744724, 57.82288155, 58.79831585, 59.77375015,
       60.48774714, 61.20174412, 61.9157411 , 62.62973808, 63.40118984,
       64.1726416 , 64.94409336, 65.71554512, 66.39450306, 67.073461  ,
       67.75241894, 68.43137688, 69.03881201, 69.64624714, 70.25368227,
       70.8611174 , 71.38907336, 71.91702932, 72.44498529, 72.97294125,
       73.64789776, 74.32285427, 74.99781078, 75.6727673 ]), array([ 74.11192398,  75.61192398,  77.11192398,  78.61192398,
        80.11192398,  81.61192398,  83.11192398,  84.61192398,
        86.11192398,  87.61192398,  89.11192398,  90.61192398,
        92.11192398,  93.61192398,  95.11192398,  96.61192398,
        98.11192398,  99.61192398, 101.11192398, 102.61192398,
       104.11192398, 105.61192398, 107.11192398, 108.61192398,
       110.11192398, 111.61192398, 113.11192398, 114.61192398,
       116.11192398])]","[[38.46832275390625, 19.508686065673828, 30.0], [29.120492935180664, 14.279939651489258, 30.0], [31.34659194946289, 15.429035186767578, 30.0], [30.476015090942383, 13.579158782958984, 30.0], [29.711254119873047, 12.148702621459961, 30.0], [27.750734329223633, 10.55911922454834, 30.0], [36.16120147705078, 13.499130249023438, 30.0]]",[30],30.0,30,3,1,"[1, 2, 1]",post
"[467.15999999999997, 467.21, 467.26, 467.31, 467.36, 467.40999999999997, 467.46, 467.51, 467.55999999999995, 467.60999999999996, 467.65999999999997, 467.71, 467.76, 467.81, 467.86, 467.90999999999997, 467.96, 468.01, 468.05999999999995, 468.10999999999996, 468.15999999999997, 468.21, 468.26, 468.31, 468.36]","[array([36.7179542 , 37.20320796, 37.68846173, 38.17371549, 38.65896925,
       39.56777758, 40.47658591, 41.38539423, 42.29420256, 42.96345038,
       43.6326982 , 44.30194601, 44.97119383, 45.89329914, 46.81540446,
       47.73750977, 48.65961508, 49.89640765, 51.13320021, 52.36999277,
       53.60678534, 54.53969778, 55.47261023, 56.40552267, 57.33843512]), array([47.24957103, 48.14890451, 49.04823799, 49.94757147, 50.84690494,
       52.04527645, 53.24364795, 54.44201946, 55.64039097, 56.43909149,
       57.23779201, 58.03649254, 58.83519306, 59.9335329 , 61.03187275,
       62.13021259, 63.22855243, 64.4885108 , 65.74846916, 67.00842752,
       68.26838588, 69.12170162, 69.97501735, 70.82833309, 71.68164882]), array([ 69.01298644,  70.51298644,  72.01298644,  73.51298644,
        75.01298644,  76.51298644,  78.01298644,  79.51298644,
        81.01298644,  82.51298644,  84.01298644,  85.51298644,
        87.01298644,  88.51298644,  90.01298644,  91.51298644,
        93.01298644,  94.51298644,  96.01298644,  97.51298644,
        99.01298644, 100.51298644, 102.01298644, 103.51298644,
       105.01298644])]","[[9.70507526397705, 17.986669540405273, 30.0], [18.176166534423828, 23.967430114746094, 30.0], [13.384956359863281, 15.974010467529297, 30.0], [18.442106246948242, 21.966796875, 30.0], [24.735851287841797, 25.199167251586914, 30.0], [18.658248901367188, 17.066314697265625, 30.0]]",[30],30.0,31,3,1,"[1, 2, 1]",post
"[480.76, 480.81, 480.86, 480.90999999999997, 480.96, 481.01, 481.05999999999995, 481.10999999999996, 481.15999999999997, 481.21, 481.26, 481.31, 481.36]","[array([50.12397986, 51.04893847, 51.97389708, 52.89885569, 53.8238143 ,
       54.60257154, 55.38132878, 56.16008602, 56.93884326, 57.56831952,
       58.19779578, 58.82727204, 59.4567483 ]), array([67.17817033, 68.40424779, 69.63032525, 70.85640271, 72.08248017,
       73.32028058, 74.55808099, 75.79588139, 77.0336818 , 78.26856015,
       79.5034385 , 80.73831685, 81.9731952 ]), array([ 90.47105336,  91.97105336,  93.47105336,  94.97105336,
        96.47105336,  97.97105336,  99.47105336, 100.97105336,
       102.47105336, 103.97105336, 105.47105336, 106.97105336,
       108.47105336])]","[[18.49917221069336, 24.521549224853516, 30.0], [15.57514476776123, 24.75600814819336, 30.0], [12.58952522277832, 24.697566986083984, 30.0]]",[30],30.0,32,3,1,"[1, 2, 1]",post
"[487.15999999999997, 487.21, 487.26, 487.31, 487.36, 487.41, 487.46000000000004, 487.51, 487.56]","[array([43.94418064, 45.36730962, 46.79043861, 48.21356759, 49.63669658,
       50.20033126, 50.76396594, 51.32760063, 51.89123531]), array([73.48630221, 74.94625247, 76.40620272, 77.86615298, 79.32610324,
       79.82098911, 80.31587498, 80.81076086, 81.30564673]), array([103.85038062, 105.35038062, 106.85038062, 108.35038062,
       109.85038062, 111.35038062, 112.85038062, 114.35038062,
       115.85038062])]","[[28.46257972717285, 29.199005126953125, 30.0], [11.272693634033203, 9.897717475891113, 30.0]]",[30],30.0,33,3,1,"[1, 2, 1]",post
"[498.56, 498.61, 498.65999999999997, 498.71, 498.76, 498.81, 498.86, 498.90999999999997, 498.96]","[array([45.96951203, 46.37514991, 46.7807878 , 47.18642568, 47.59206357,
       48.20571622, 48.81936888, 49.43302154, 50.0466742 ]), array([65.64898862, 66.09285673, 66.53672484, 66.98059296, 67.42446107,
       68.20962552, 68.99478997, 69.77995442, 70.56511887]), array([87.63518225, 89.13518225, 90.63518225, 92.13518225, 93.63518225,
       95.13518225, 96.63518225, 98.13518225, 99.63518225])]","[[8.112757682800293, 8.877362251281738, 30.0], [12.273053169250488, 15.703289031982422, 30.0]]",[30],30.0,34,3,1,"[1, 2, 1]",post
"[517.96, 518.01, 518.06, 518.11, 518.16, 518.21, 518.26, 518.31, 518.36]","[array([53.1638495 , 53.4970973 , 53.83034511, 54.16359291, 54.49684072,
       54.78915663, 55.08147254, 55.37378845, 55.66610436]), array([60.85062184, 62.01418108, 63.17774033, 64.34129958, 65.50485882,
       66.35350174, 67.20214466, 68.05078759, 68.89943051]), array([ 94.62430203,  96.12430203,  97.62430203,  99.12430203,
       100.62430203, 102.12430203, 103.62430203, 105.12430203,
       106.62430203])]","[[6.664956092834473, 23.27118492126465, 30.0], [5.846318244934082, 16.972858428955078, 30.0]]",[30],30.0,35,3,1,"[1, 2, 1]",post
"[527.36, 527.41, 527.46, 527.51, 527.56, 527.6099999999999, 527.66, 527.71, 527.76, 527.81, 527.86, 527.9100000000001, 527.96, 528.01, 528.06, 528.11, 528.16]","[array([46.5495344 , 46.88473902, 47.21994365, 47.55514827, 47.8903529 ,
       48.40558127, 48.92080963, 49.436038  , 49.95126637, 50.46947368,
       50.98768099, 51.5058883 , 52.02409561, 52.66237944, 53.30066326,
       53.93894709, 54.57723091]), array([58.49045876, 58.84548398, 59.2005092 , 59.55553442, 59.91055964,
       60.37307052, 60.83558139, 61.29809226, 61.76060313, 62.26860851,
       62.77661389, 63.28461927, 63.79262465, 64.37192868, 64.95123271,
       65.53053674, 66.10984076]), array([71.36825547, 72.86825547, 74.36825547, 75.86825547, 77.36825547,
       78.86825547, 80.36825547, 81.86825547, 83.36825547, 84.86825547,
       86.36825547, 87.86825547, 89.36825547, 90.86825547, 92.36825547,
       93.86825547, 95.36825547])]","[[6.704092502593994, 7.100504398345947, 30.0], [10.304567337036133, 9.25021743774414, 30.0], [10.36414623260498, 10.160107612609863, 30.0], [12.765676498413086, 11.586080551147461, 30.0]]",[30],30.0,36,3,1,"[1, 2, 1]",post
"[530.36, 530.41, 530.46, 530.51, 530.56, 530.6099999999999, 530.66, 530.71, 530.76, 530.81, 530.86, 530.9100000000001, 530.96]","[array([42.45337868, 43.79548226, 45.13758583, 46.47968941, 47.82179299,
       49.19506522, 50.56833744, 51.94160967, 53.3148819 , 54.61103764,
       55.90719338, 57.20334912, 58.49950486]), array([69.47533628, 70.62169286, 71.76804945, 72.91440603, 74.06076261,
       75.12562238, 76.19048215, 77.25534193, 78.3202017 , 79.26046335,
       80.200725  , 81.14098665, 82.0812483 ]), array([ 92.2399021,  93.7399021,  95.2399021,  96.7399021,  98.2399021,
        99.7399021, 101.2399021, 102.7399021, 104.2399021, 105.7399021,
       107.2399021, 108.7399021, 110.2399021])]","[[26.842071533203125, 22.92713165283203, 30.0], [27.465444564819336, 21.297195434570312, 30.0], [25.923114776611328, 18.805233001708984, 30.0]]",[30],30.0,37,3,1,"[1, 2, 1]",post
"[576.56, 576.6099999999999, 576.66, 576.71, 576.76, 576.81, 576.86, 576.9100000000001, 576.96, 577.01, 577.06, 577.11, 577.16, 577.21, 577.26, 577.31, 577.36, 577.41, 577.46, 577.51, 577.56, 577.6099999999999, 577.66, 577.71, 577.76]","[array([ 0.98315336,  2.72506067,  4.46696798,  6.20887529,  7.9507826 ,
        9.67603857, 11.40129453, 13.1265505 , 14.85180647, 16.51438333,
       18.1769602 , 19.83953706, 21.50211393, 23.15872804, 24.81534216,
       26.47195627, 28.12857038, 29.79604685, 31.46352331, 33.13099977,
       34.79847624, 36.38596145, 37.97344667, 39.56093189, 41.14841711]), array([42.61766627, 43.68455327, 44.75144026, 45.81832726, 46.88521426,
       47.98848336, 49.09175246, 50.19502156, 51.29829066, 52.34518302,
       53.39207537, 54.43896773, 55.48586009, 56.49490283, 57.50394557,
       58.51298831, 59.52203105, 60.46667922, 61.41132739, 62.35597556,
       63.30062373, 64.33809598, 65.37556822, 66.41304047, 67.45051272]), array([ 67.18228102,  68.68228102,  70.18228102,  71.68228102,
        73.18228102,  74.68228102,  76.18228102,  77.68228102,
        79.18228102,  80.68228102,  82.18228102,  83.68228102,
        85.18228102,  86.68228102,  88.18228102,  89.68228102,
        91.18228102,  92.68228102,  94.18228102,  95.68228102,
        97.18228102,  98.68228102, 100.18228102, 101.68228102,
       103.18228102])]","[[34.8381462097168, 21.337739944458008, 30.0], [34.50511932373047, 22.06538200378418, 30.0], [33.25153732299805, 20.937847137451172, 30.0], [33.13228225708008, 20.18085479736328, 30.0], [33.34952926635742, 18.892963409423828, 30.0], [31.749704360961914, 20.74944496154785, 30.0]]",[30],30.0,38,3,1,"[1, 2, 1]",post
"[579.56, 579.6099999999999, 579.66, 579.71, 579.76, 579.81, 579.86, 579.9100000000001, 579.96, 580.01, 580.06, 580.11, 580.16, 580.21, 580.26, 580.31, 580.36, 580.41, 580.46, 580.51, 580.56]","[array([35.43344778, 37.0361009 , 38.63875402, 40.24140714, 41.84406027,
       49.21932272, 56.59458517, 63.96984762, 71.34511007, 71.34511007,
       71.34511007, 71.34511007, 71.34511007, 71.34511007, 71.34511007,
       71.34511007, 71.34511007, 71.34511007, 71.34511007, 71.34511007,
       71.34511007]), array([75.28592968, 76.51528788, 77.74464607, 78.97400427, 80.20336247,
       84.82146168, 89.43956089, 94.0576601 , 98.67575932, 98.67575932,
       98.67575932, 98.67575932, 98.67575932, 98.67575932, 98.67575932,
       98.67575932, 98.67575932, 98.67575932, 98.67575932, 98.67575932,
       98.67575932]), array([105.2746925, 106.7746925, 108.2746925, 109.7746925, 111.2746925,
       112.7746925, 114.2746925, 115.7746925, 117.2746925, 118.7746925,
       120.2746925, 121.7746925, 123.2746925, 124.7746925, 126.2746925,
       127.7746925, 129.2746925, 130.7746925, 132.2746925, 133.7746925,
       135.2746925])]","[[32.053062438964844, 24.5871639251709, 30.0], [147.5052490234375, 92.36198425292969, 30.0], [-1.3698553614752825e-20, -2.9032073620149923e-11, 30.0], [-7.143740503865646e-20, -2.8452125638150916e-12, 30.0], [-1.0130702297374273e-20, -5.480905312937878e-11, 30.0]]",[30],30.0,39,3,1,"[1, 2, 1]",post
"[592.16, 592.21, 592.26, 592.31, 592.36, 592.41, 592.46, 592.51, 592.56, 592.6099999999999, 592.66, 592.71, 592.76, 592.81, 592.86, 592.9100000000001, 592.96]","[array([73.50892035, 73.50717106, 73.50542176, 73.50367247, 73.50192318,
       73.50185112, 73.50177905, 73.50170699, 73.50163492, 73.50161644,
       73.50159796, 73.50157948, 73.50156099, 73.50155729, 73.50155359,
       73.50154989, 73.50154619]), array([75.73967329, 75.73853351, 75.73739372, 75.73625394, 75.73511416,
       75.73285665, 75.73059915, 75.72834165, 75.72608414, 75.72520535,
       75.72432656, 75.72344777, 75.72256898, 75.72235816, 75.72214734,
       75.72193652, 75.7217257 ]), array([ 78.43827654,  79.93827654,  81.43827654,  82.93827654,
        84.43827654,  85.93827654,  87.43827654,  88.93827654,
        90.43827654,  91.93827654,  93.43827654,  94.93827654,
        96.43827654,  97.93827654,  99.43827654, 100.93827654,
       102.43827654])]","[[-0.03498584032058716, -0.022795649245381355, 30.0], [-0.0014412871096283197, -0.045150093734264374, 30.0], [-0.0003696424828376621, -0.017575787380337715, 30.0], [-7.402777555398643e-05, -0.004216410219669342, 30.0]]",[30],30.0,40,3,1,"[1, 2, 1]",post
"[21.560000000000002, 21.610000000000003, 21.660000000000004, 21.71, 21.76, 21.810000000000002, 21.86, 21.91, 21.96]","[array([55.8842894 , 55.88428939, 55.88428939, 55.88428938, 55.88428937,
       55.88428936, 55.88428936, 55.88428935, 55.88428934]), array([71.28351043, 71.28351043, 71.28351043, 71.28351043, 71.28351043,
       71.28351043, 71.28351043, 71.28351043, 71.28351043]), array([96.16390739, 96.16390639, 96.16390538, 96.16390438, 96.16390338,
       96.16390202, 96.16390067, 96.16389932, 96.16389796]), array([106.35161203, 107.85161203, 109.35161203, 110.85161203,
       112.35161203, 113.85161203, 115.35161203, 116.85161203,
       118.35161203])]","[[-1.4928791358670424e-07, -1.999002005592665e-11, -2.0091118130949326e-05, 30.0], [-1.3733222203882178e-07, -1.7630825618897283e-11, -2.7065869289799593e-05, 30.0]]",[30],30.0,41,3,1,"[1, 2, 1]",post
"[31.36, 31.41, 31.46, 31.51, 31.560000000000002, 31.610000000000003, 31.660000000000004, 31.71, 31.76, 31.810000000000002, 31.86, 31.91, 31.96]","[array([44.62250052, 44.62250052, 44.62250052, 44.62250052, 44.62250052,
       44.62250052, 44.62250052, 44.62250051, 44.62250051, 44.62250051,
       44.62250051, 44.62250051, 44.62250051]), array([63.55960651, 63.5502804 , 63.54095429, 63.53162818, 63.52230207,
       63.51970959, 63.51711711, 63.51452463, 63.51193215, 63.50468753,
       63.49744291, 63.49019829, 63.48295367]), array([63.85685144, 63.85685144, 63.85685144, 63.85685144, 63.85685144,
       63.85685144, 63.85685144, 63.85685144, 63.85685144, 63.85685144,
       63.85685144, 63.85685144, 63.85685144]), array([102.27021817, 103.77021817, 105.27021817, 106.77021817,
       108.27021817, 109.77021817, 111.27021817, 112.77021817,
       114.27021817, 115.77021817, 117.27021817, 118.77021817,
       120.27021817])]","[[-5.354413801228475e-09, -0.18652217090129852, -5.919913930104795e-17, 30.0], [-1.593414999945253e-08, -0.051849596202373505, -6.207754916172018e-17, 30.0], [-5.986766193899484e-09, -0.14489243924617767, -7.09221431198577e-18, 30.0]]",[30],30.0,42,3,1,"[1, 2, 1]",post
"[33.76, 33.81, 33.86, 33.91, 33.96, 34.010000000000005, 34.06, 34.11, 34.160000000000004, 34.21, 34.260000000000005, 34.31, 34.36]","[array([49.54659535, 49.54659535, 49.54659535, 49.54659535, 49.54659535,
       49.54659535, 49.54659535, 49.54659535, 49.54659535, 49.54659535,
       49.54659535, 49.54659535, 49.54659535]), array([73.11169467, 73.11167938, 73.11166409, 73.1116488 , 73.1116335 ,
       73.11163149, 73.11162948, 73.11162747, 73.11162546, 73.11162529,
       73.11162512, 73.11162495, 73.11162478]), array([80.40221594, 80.40221594, 80.40221594, 80.40221594, 80.40221594,
       80.40221594, 80.40221594, 80.40221594, 80.40221594, 80.40221594,
       80.40221594, 80.40221593, 80.40221593]), array([103.81508383, 105.31508383, 106.81508383, 108.31508383,
       109.81508383, 111.31508383, 112.81508383, 114.31508383,
       115.81508383, 117.31508383, 118.81508383, 120.31508383,
       121.81508383])]","[[-6.85555362478496e-11, -0.00030582124600186944, -7.91118975884686e-11, 30.0], [-2.9495975106819117e-11, -4.0221606468549e-05, -2.0472283868144814e-09, 30.0], [-6.884935763867839e-12, -3.411357283766847e-06, -2.7574660776963356e-08, 30.0]]",[30],30.0,43,3,1,"[1, 2, 1]",post
"[34.96, 35.010000000000005, 35.06, 35.11, 35.160000000000004, 35.21, 35.260000000000005, 35.31, 35.36]","[array([54.94194868, 54.94194866, 54.94194864, 54.94194862, 54.9419486 ,
       54.94194856, 54.94194853, 54.94194849, 54.94194846]), array([69.29331769, 69.29331691, 69.29331613, 69.29331535, 69.29331457,
       69.29330907, 69.29330357, 69.29329807, 69.29329257]), array([79.74698854, 79.74698854, 79.74698854, 79.74698854, 79.74698854,
       79.74698854, 79.74698854, 79.74698854, 79.74698854]), array([103.97442294, 105.47442294, 106.97442294, 108.47442294,
       109.97442294, 111.47442294, 112.97442294, 114.47442294,
       115.97442294])]","[[-3.986700960467715e-07, -1.5600964616169222e-05, -3.676157989129791e-11, 30.0], [-6.891773978168203e-07, -0.00010999902588082477, -2.752594376390083e-12, 30.0]]",[30],30.0,44,3,1,"[1, 2, 1]",post
"[83.36, 83.41, 83.46000000000001, 83.51, 83.56, 83.61, 83.66, 83.71000000000001, 83.76, 83.81, 83.86000000000001, 83.91000000000001, 83.96000000000001, 84.01, 84.06, 84.11000000000001, 84.16000000000001, 84.21000000000001, 84.26, 84.31, 84.36, 84.41, 84.46000000000001, 84.51, 84.56]","[array([36.35547148, 36.35547148, 36.35547148, 36.35547148, 36.35547148,
       36.35547148, 36.35547148, 36.35547148, 36.35547148, 36.35547148,
       36.35547148, 36.35547148, 36.35547148, 36.35547148, 36.35547148,
       36.35547148, 36.35547148, 36.35547148, 36.35547148, 36.35547148,
       36.35547148, 36.35547148, 36.35547148, 36.35547148, 36.35547148]), array([104.45854944, 104.45854944, 104.45854944, 104.45854944,
       104.45854944, 104.45854944, 104.45854943, 104.45854943,
       104.45854943, 104.45854943, 104.45854943, 104.45854942,
       104.45854942, 104.45854936, 104.45854929, 104.45854923,
       104.45854916, 104.45854916, 104.45854916, 104.45854916,
       104.45854916, 104.45854916, 104.45854916, 104.45854916,
       104.45854916]), array([124.36516705, 124.36516501, 124.36516298, 124.36516095,
       124.36515891, 124.36515787, 124.36515682, 124.36515578,
       124.36515474, 124.36515456, 124.36515439, 124.36515422,
       124.36515405, 124.36515397, 124.3651539 , 124.36515382,
       124.36515375, 124.36514748, 124.36514122, 124.36513496,
       124.3651287 , 124.36512389, 124.36511908, 124.36511427,
       124.36510946]), array([133.80017777, 135.30017777, 136.80017777, 138.30017777,
       139.80017777, 141.30017777, 142.80017777, 144.30017777,
       145.80017777, 147.30017777, 148.80017777, 150.30017777,
       151.80017777, 153.30017777, 154.80017777, 156.30017777,
       157.80017777, 159.30017777, 160.80017777, 162.30017777,
       163.80017777, 165.30017777, 166.80017777, 168.30017777,
       169.80017777])]","[[-4.349190370901157e-29, -2.1419559459445736e-09, -4.0676950447959825e-05, 30.0], [-9.468889942065746e-29, -1.2050692888010417e-08, -2.088912333420012e-05, 30.0], [-2.814306960026828e-29, -5.787909884702458e-08, -3.4284087178093614e-06, 30.0], [-9.945695578126509e-30, -1.2914928220197908e-06, -1.513944994258054e-06, 30.0], [-2.2063805526968132e-29, -2.0963176083910184e-08, -0.00012524781050160527, 30.0], [-5.961782346692527e-29, -1.0135031702773745e-09, -9.618894546292722e-05, 30.0]]",[30],30.0,45,3,1,"[1, 2, 1]",post
"[94.36, 94.41, 94.46000000000001, 94.51, 94.56, 94.61, 94.66, 94.71000000000001, 94.76, 94.81, 94.86000000000001, 94.91000000000001, 94.96000000000001]","[array([73.63574911, 73.63574911, 73.63574911, 73.63574911, 73.63574911,
       73.63574911, 73.63574911, 73.63574911, 73.63574911, 73.63574911,
       73.63574911, 73.63574911, 73.63574911]), array([95.96056547, 95.96022786, 95.95989026, 95.95955265, 95.95921505,
       95.95206287, 95.94491069, 95.93775851, 95.93060633, 95.92872087,
       95.92683542, 95.92494996, 95.92306451]), array([99.95565611, 99.95565611, 99.95565611, 99.95565611, 99.95565611,
       99.95565611, 99.95565611, 99.95565611, 99.95565611, 99.95565611,
       99.95565611, 99.95565611, 99.95565611]), array([121.91482634, 123.41482634, 124.91482634, 126.41482634,
       127.91482634, 129.41482634, 130.91482634, 132.41482634,
       133.91482634, 135.41482634, 136.91482634, 138.41482634,
       139.91482634])]","[[-2.2009243039189386e-10, -0.006752121727913618, -3.1046001880419283e-10, 30.0], [-8.734772627416731e-11, -0.14304359257221222, -5.2512872522614273e-11, 30.0], [-2.049931752123868e-10, -0.037709083408117294, -5.895950949685869e-10, 30.0]]",[30],30.0,46,3,1,"[1, 2, 1]",post
"[142.16000000000003, 142.21000000000004, 142.26000000000002, 142.31, 142.36, 142.41000000000003, 142.46000000000004, 142.51000000000002, 142.56000000000003, 142.61, 142.66000000000003, 142.71000000000004, 142.76000000000002]","[array([50.26398221, 50.26398221, 50.26398221, 50.26398221, 50.26398221,
       50.26398221, 50.26398221, 50.26398221, 50.26398221, 50.26398221,
       50.26398221, 50.26398221, 50.26398221]), array([80.81931572, 80.8193132 , 80.81931069, 80.81930818, 80.81930566,
       80.81927286, 80.81924005, 80.81920724, 80.81917443, 80.81914279,
       80.81911115, 80.81907951, 80.81904786]), array([90.00657817, 90.00657817, 90.00657817, 90.00657817, 90.00657817,
       90.00657817, 90.00657817, 90.00657817, 90.00657817, 90.00657817,
       90.00657817, 90.00657817, 90.00657817]), array([146.02874862, 147.52874862, 149.02874862, 150.52874862,
       152.02874862, 153.52874862, 155.02874862, 156.52874862,
       158.02874862, 159.52874862, 161.02874862, 162.52874862,
       164.02874862])]","[[-9.036184750758555e-14, -5.0285671022720635e-05, -3.411737034811754e-24, 30.0], [-6.717213184336338e-14, -0.0006561372429132462, -8.600683025777822e-24, 30.0], [-2.7163753017755976e-13, -0.0006328635499812663, -1.5707149506666243e-24, 30.0]]",[30],30.0,47,3,1,"[1, 2, 1]",post
"[170.36, 170.41000000000003, 170.46000000000004, 170.51000000000002, 170.56000000000003, 170.61, 170.66000000000003, 170.71000000000004, 170.76000000000002]","[array([35.00944075, 35.00944075, 35.00944075, 35.00944075, 35.00944075,
       35.00944075, 35.00944075, 35.00944075, 35.00944075]), array([55.34425703, 55.34425688, 55.34425673, 55.34425658, 55.34425644,
       55.34425631, 55.34425619, 55.34425606, 55.34425594]), array([67.53486798, 67.53486798, 67.53486798, 67.53486798, 67.53486798,
       67.53486798, 67.53486798, 67.53486798, 67.53486798]), array([ 96.38862043,  97.88862043,  99.38862043, 100.88862043,
       102.38862043, 103.88862043, 105.38862043, 106.88862043,
       108.38862043])]","[[-1.3753804761762467e-09, -2.964113946291036e-06, -4.483009287143541e-13, 30.0], [-3.7877068148617354e-10, -2.4964160729723517e-06, -3.055707000366309e-13, 30.0]]",[30],30.0,48,3,1,"[1, 2, 1]",post
"[248.16000000000003, 248.21000000000004, 248.26000000000002, 248.31, 248.36, 248.41000000000003, 248.46000000000004, 248.51000000000002, 248.56000000000003]","[array([55.0162482 , 55.0162481 , 55.01624801, 55.01624792, 55.01624783,
       55.01624752, 55.01624722, 55.01624691, 55.0162466 ]), array([67.71887427, 67.71887427, 67.71887427, 67.71887427, 67.71887427,
       67.71887427, 67.71887427, 67.71887427, 67.71887427]), array([91.12772749, 91.12557639, 91.1234253 , 91.1212742 , 91.1191231 ,
       91.11403898, 91.10895487, 91.10387075, 91.09878663]), array([ 93.11004508,  94.61004508,  96.11004508,  97.61004508,
        99.11004508, 100.61004508, 102.11004508, 103.61004508,
       105.11004508])]","[[-1.8294655319550657e-06, -7.58925422505996e-11, -0.04302193224430084, 30.0], [-6.128841505415039e-06, -1.7136264629513676e-11, -0.10168236494064331, 30.0]]",[30],30.0,49,3,1,"[1, 2, 1]",post
"[320.56, 320.61, 320.65999999999997, 320.71, 320.76, 320.81, 320.86, 320.90999999999997, 320.96, 321.01, 321.05999999999995, 321.10999999999996, 321.15999999999997]","[array([23.81324594, 23.81324594, 23.81324594, 23.81324594, 23.81324594,
       23.81324594, 23.81324594, 23.81324594, 23.81324594, 23.81324594,
       23.81324594, 23.81324594, 23.81324594]), array([53.4141453 , 53.41413972, 53.41413414, 53.41412856, 53.41412298,
       53.41412009, 53.41411719, 53.4141143 , 53.4141114 , 53.41411068,
       53.41410995, 53.41410923, 53.4141085 ]), array([61.71239793, 61.71239793, 61.71239793, 61.71239793, 61.71239793,
       61.71239793, 61.71239793, 61.71239793, 61.71239793, 61.71239793,
       61.71239793, 61.71239793, 61.71239793]), array([ 89.49579965,  90.99579965,  92.49579965,  93.99579965,
        95.49579965,  96.99579965,  98.49579965,  99.99579965,
       101.49579965, 102.99579965, 104.49579965, 105.99579965,
       107.49579965])]","[[-1.979260532596408e-13, -0.00011159419227624312, -1.1044231935236626e-12, 30.0], [-7.450628655703007e-13, -5.786967813037336e-05, -1.0060056954142027e-11, 30.0], [-1.5901944474747132e-12, -1.4511442714137957e-05, -4.240387067085821e-13, 30.0]]",[30],30.0,50,3,1,"[1, 2, 1]",post
"[333.96, 334.01, 334.05999999999995, 334.10999999999996, 334.15999999999997, 334.21, 334.26, 334.30999999999995, 334.35999999999996, 334.40999999999997, 334.46, 334.51, 334.56]","[array([41.56604442, 41.56604425, 41.56604407, 41.5660439 , 41.56604373,
       41.56604261, 41.5660415 , 41.56604038, 41.56603927, 41.56603893,
       41.56603859, 41.56603826, 41.56603792]), array([53.53132548, 53.53132548, 53.53132548, 53.53132547, 53.53132547,
       53.53132546, 53.53132545, 53.53132544, 53.53132543, 53.53132543,
       53.53132542, 53.53132542, 53.53132541]), array([69.70304987, 69.70304985, 69.70304984, 69.70304983, 69.70304981,
       69.70304981, 69.70304981, 69.70304981, 69.70304981, 69.7030498 ,
       69.70304978, 69.70304977, 69.70304976]), array([ 84.32503747,  85.82503747,  87.32503747,  88.82503747,
        90.32503747,  91.82503747,  93.32503747,  94.82503747,
        96.32503747,  97.82503747,  99.32503747, 100.82503747,
       102.32503747])]","[[-3.476263373158872e-06, -6.502002491970416e-08, -2.816444464315282e-07, 30.0], [-2.2280912162386812e-05, -1.8509344101858005e-07, -2.918632979742597e-08, 30.0], [-6.764125373592833e-06, -1.2020745998597704e-07, -2.2432880086853402e-07, 30.0]]",[30],30.0,51,3,1,"[1, 2, 1]",post
"[393.36, 393.40999999999997, 393.46, 393.51, 393.55999999999995, 393.60999999999996, 393.65999999999997, 393.71, 393.76]","[array([26.70328304, 26.70328304, 26.70328304, 26.70328304, 26.70328304,
       26.70328304, 26.70328304, 26.70328304, 26.70328304]), array([52.02407127, 52.01557693, 52.00708259, 51.99858825, 51.99009391,
       51.97847353, 51.96685315, 51.95523276, 51.94361238]), array([52.41210043, 52.41210043, 52.41210043, 52.41210043, 52.41210043,
       52.41210043, 52.41210043, 52.41210043, 52.41210043]), array([104.22045182, 105.72045182, 107.22045182, 108.72045182,
       110.22045182, 111.72045182, 113.22045182, 114.72045182,
       116.22045182])]","[[-1.133639362937977e-11, -0.16988679766654968, -1.489356641065042e-22, 30.0], [-2.1743993324635502e-12, -0.23240762948989868, -6.891360428833615e-21, 30.0]]",[30],30.0,52,3,1,"[1, 2, 1]",post
"[521.76, 521.81, 521.86, 521.9100000000001, 521.96, 522.01, 522.06, 522.11, 522.16, 522.21, 522.26, 522.31, 522.36, 522.41, 522.46, 522.51, 522.56, 522.6099999999999, 522.66, 522.71, 522.76]","[array([41.21933724, 41.2144104 , 41.20948356, 41.20455673, 41.19962989,
       41.19743821, 41.19524653, 41.19305485, 41.19086316, 41.1831471 ,
       41.17543103, 41.16771497, 41.1599989 , 41.1529654 , 41.1459319 ,
       41.1388984 , 41.1318649 , 41.12820821, 41.12455152, 41.12089483,
       41.11723813]), array([42.24937386, 42.24937386, 42.24937386, 42.24937386, 42.24937386,
       42.24937386, 42.24937386, 42.24937386, 42.24937386, 42.24937386,
       42.24937386, 42.24937386, 42.24937386, 42.24937386, 42.24937386,
       42.24937386, 42.24937386, 42.24937386, 42.24937386, 42.24937386,
       42.24937386]), array([65.93501484, 65.93501475, 65.93501465, 65.93501456, 65.93501446,
       65.93501431, 65.93501416, 65.93501401, 65.93501385, 65.93501376,
       65.93501367, 65.93501358, 65.93501349, 65.93501348, 65.93501348,
       65.93501348, 65.93501348, 65.93501348, 65.93501347, 65.93501347,
       65.93501347]), array([ 78.53197889,  80.03197889,  81.53197889,  83.03197889,
        84.53197889,  86.03197889,  87.53197889,  89.03197889,
        90.53197889,  92.03197889,  93.53197889,  95.03197889,
        96.53197889,  98.03197889,  99.53197889, 101.03197889,
       102.53197889, 104.03197889, 105.53197889, 107.03197889,
       108.53197889])]","[[-0.09853672981262207, -5.288154289462277e-11, -1.9032107729799463e-06, 30.0], [-0.04383362829685211, -1.0678740530734032e-10, -3.040884394067689e-06, 30.0], [-0.15432129800319672, -3.0375348070155184e-11, -1.8362185301157297e-06, 30.0], [-0.1406700164079666, -6.859605244935452e-11, -5.1500158804174134e-08, 30.0], [-0.07313383370637894, -2.1437379649213995e-10, -1.5610639891860956e-08, 30.0]]",[30],30.0,53,3,1,"[1, 2, 1]",post
"[95.36, 95.41, 95.46000000000001, 95.51, 95.56, 95.61, 95.66, 95.71000000000001, 95.76]","[array([60.67831965, 60.67831965, 60.67831965, 60.67831965, 60.67831965,
       60.67831965, 60.67831965, 60.67831965, 60.67831965]), array([100.60372034, 100.60152054, 100.59932074, 100.59712094,
       100.59492113, 100.58790453, 100.58088793, 100.57387133,
       100.56685473]), array([102.52611741, 102.52611741, 102.52611741, 102.52611741,
       102.52611741, 102.52611741, 102.52611741, 102.52611741,
       102.52611741]), array([126.45412778, 126.45033172, 126.44653566, 126.4427396 ,
       126.43894353, 126.43801298, 126.43708243, 126.43615188,
       126.43522133]), array([127.77021184, 129.27021184, 130.77021184, 132.27021184,
       133.77021184, 135.27021184, 136.77021184, 138.27021184,
       139.77021184])]","[[-1.0422311936406863e-17, -0.04399605095386505, -4.006319581639772e-11, -0.07592121511697769, 30.0], [-2.3948632356308764e-18, -0.14033199846744537, -2.555409495119676e-10, -0.018611012026667595, 30.0]]",[30],30.0,54,3,1,"[1, 2, 1]",post
