t_list,x_list,v_list,v0,n_scn,iter,mse,type,mse_mean,N. file,DOE,processed
"[197.60000000000002, 197.65000000000003, 197.70000000000002, 197.75, 197.8, 197.85000000000002, 197.9, 197.95, 198.0, 198.05, 198.10000000000002, 198.15, 198.20000000000002, 198.25, 198.3, 198.35000000000002, 198.4, 198.45000000000002, 198.5, 198.55, 198.60000000000002, 198.65000000000003, 198.70000000000002, 198.75, 198.8]","[array([50.60468409, 50.69468799, 50.78469188, 50.87469578, 50.96469968,
       54.80606206, 58.64742444, 62.48878682, 66.3301492 , 66.3301492 ,
       66.3301492 , 66.3301492 , 66.3301492 , 66.3301492 , 66.3301492 ,
       66.3301492 , 66.3301492 , 66.3301492 , 66.3301492 , 66.3301492 ,
       66.3301492 , 66.3301492 , 66.3301492 , 66.3301492 , 66.3301492 ]), array([55.43468393, 56.93468393, 58.43468393, 59.93468393, 61.43468393,
       62.93468393, 64.43468393, 65.93468393, 67.43468393, 68.93468393,
       70.43468393, 71.93468393, 73.43468393, 74.93468393, 76.43468393,
       77.93468393, 79.43468393, 80.93468393, 82.43468393, 83.93468393,
       85.43468393, 86.93468393, 88.43468393, 89.93468393, 91.43468393])]","[[1.8000779151916504, 30.0], [76.8272476196289, 30.0], [0.0, 30.0], [0.0, 30.0], [0.0, 30.0], [0.0, 30.0]]",30.0,20,1.0,44.57105686583569,train,80.40509766154135,9,"[1, 10, 1]",pre
"[205.8, 205.85000000000002, 205.9, 205.95, 206.0, 206.05, 206.10000000000002, 206.15, 206.20000000000002]","[array([32.17447451, 32.17447451, 32.17447451, 32.17447451, 32.17447451,
       32.17447451, 32.17447451, 32.17447451, 32.17447451]), array([51.57846757, 51.57846757, 51.57846757, 51.57846757, 51.57846757,
       51.57846757, 51.57846757, 51.57846757, 51.57846757]), array([67.82496174, 69.32496174, 70.82496174, 72.32496174, 73.82496174,
       75.32496174, 76.82496174, 78.32496174, 79.82496174])]","[[0.0, 0.0, 30.0], [0.0, 0.0, 30.0]]",30.0,32,1.0,8.353985007827257,train,80.40509766154135,9,"[1, 10, 1]",pre
"[117.0, 117.05, 117.1, 117.15, 117.2, 117.25, 117.30000000000001, 117.35000000000001, 117.4, 117.45, 117.5, 117.55000000000001, 117.60000000000001, 117.65, 117.70000000000002, 117.75000000000001, 117.80000000000001, 117.85000000000001, 117.9, 117.95, 118.0, 118.05, 118.1, 118.15, 118.2, 118.25, 118.30000000000001, 118.35000000000001, 118.4]","[array([17.14410946, 17.14410946, 17.14410946, 17.14410946, 17.14410946,
       17.14410946, 17.14410946, 17.14410946, 17.14410946, 17.14410946,
       17.14410946, 17.14410946, 17.14410946, 17.14410946, 17.14410946,
       17.14410946, 17.14410946, 17.14410946, 17.14410946, 17.14410946,
       17.14410946, 17.14410946, 17.14410946, 17.14410946, 17.14410946,
       17.14410946, 17.14410946, 17.14410946, 17.14410946]), array([42.06447152, 43.56447152, 45.06447152, 46.56447152, 48.06447152,
       49.56447152, 51.06447152, 52.56447152, 54.06447152, 55.56447152,
       57.06447152, 58.56447152, 60.06447152, 61.56447152, 63.06447152,
       64.56447152, 66.06447152, 67.56447152, 69.06447152, 70.56447152,
       72.06447152, 73.56447152, 75.06447152, 76.56447152, 78.06447152,
       79.56447152, 81.06447152, 82.56447152, 84.06447152])]","[[0.0, 30.0], [0.0, 30.0], [0.0, 30.0], [0.0, 30.0], [0.0, 30.0], [0.0, 30.0], [0.0, 30.0]]",30.0,7,1.0,255.11235585445976,train,80.40509766154135,9,"[1, 10, 1]",pre
"[140.0, 140.05, 140.1, 140.14999999999998, 140.2, 140.25, 140.3, 140.35, 140.4]","[array([59.25023729, 59.25023729, 59.25023729, 59.25023729, 59.25023729,
       59.25023729, 59.25023729, 59.25023729, 59.25023729]), array([69.81953059, 71.31953059, 72.81953059, 74.31953059, 75.81953059,
       77.31953059, 78.81953059, 80.31953059, 81.81953059])]","[[0.0, 30.0], [0.0, 30.0]]",30.0,10,1.0,20.42870422619516,train,80.40509766154135,9,"[1, 10, 1]",pre
"[161.60000000000002, 161.65000000000003, 161.70000000000002, 161.75, 161.8, 161.85000000000002, 161.9, 161.95, 162.0, 162.05, 162.1, 162.14999999999998, 162.2, 162.25, 162.3, 162.35, 162.4, 162.45000000000002, 162.5, 162.55, 162.60000000000002, 162.65000000000003, 162.70000000000002, 162.75, 162.8]","[array([49.19422981, 49.19422981, 49.19422981, 49.19422981, 49.19422981,
       49.19422981, 49.19422981, 49.19422981, 49.19422981, 49.19422981,
       49.19422981, 49.19422981, 49.19422981, 49.19422981, 49.19422981,
       49.19422981, 49.19422981, 49.19422981, 49.19422981, 49.19422981,
       49.19422981, 49.19422981, 49.19422981, 49.19422981, 49.19422981]), array([54.1373873, 55.6373873, 57.1373873, 58.6373873, 60.1373873,
       61.6373873, 63.1373873, 64.6373873, 66.1373873, 67.6373873,
       69.1373873, 70.6373873, 72.1373873, 73.6373873, 75.1373873,
       76.6373873, 78.1373873, 79.6373873, 81.1373873, 82.6373873,
       84.1373873, 85.6373873, 87.1373873, 88.6373873, 90.1373873])]","[[0.0, 30.0], [0.0, 30.0], [0.0, 30.0], [0.0, 30.0], [0.0, 30.0], [0.0, 30.0]]",30.0,14,1.0,88.5046128545198,train,80.40509766154135,9,"[1, 10, 1]",pre
"[117.80000000000001, 117.85000000000001, 117.9, 117.95, 118.0, 118.05, 118.1, 118.15, 118.2, 118.25, 118.30000000000001, 118.35000000000001, 118.4]","[array([26.17012148, 26.17012148, 26.17012148, 26.17012148, 26.17012148,
       26.17012148, 26.17012148, 26.17012148, 26.17012148, 26.17012148,
       26.17012148, 26.17012148, 26.17012148]), array([38.12400116, 38.12400116, 38.12400116, 38.12400116, 38.12400116,
       38.12400116, 38.12400116, 38.12400116, 38.12400116, 38.12400116,
       38.12400116, 38.12400116, 38.12400116]), array([67.85743063, 69.35743063, 70.85743063, 72.35743063, 73.85743063,
       75.35743063, 76.85743063, 78.35743063, 79.85743063, 81.35743063,
       82.85743063, 84.35743063, 85.85743063])]","[[0.0, 0.0, 30.0], [0.0, 0.0, 30.0], [0.0, 0.0, 30.0]]",30.0,28,1.0,65.4598711604104,train,80.40509766154135,9,"[1, 10, 1]",pre
"[121.4, 121.45, 121.5, 121.55000000000001, 121.60000000000001, 121.65, 121.70000000000002, 121.75000000000001, 121.80000000000001, 121.85000000000001, 121.9, 121.95, 122.0]","[array([41.88815277, 41.88776371, 41.88737464, 41.88698558, 41.88659652,
       46.6591301 , 46.65336826, 46.64760641, 46.64184456, 51.19230569,
       51.18668731, 51.18106893, 51.17545055]), array([43.63086318, 43.63086303, 43.63086289, 43.63086274, 43.63086259,
       49.89976755, 49.89976739, 49.89976722, 49.89976706, 54.7345452 ,
       54.73454506, 54.73454492, 54.73454478]), array([68.23688061, 69.73688061, 71.23688061, 72.73688061, 74.23688061,
       75.7787731 , 77.2787731 , 78.7787731 , 80.2787731 , 80.92787145,
       82.42787145, 83.92787145, 85.42787145])]","[[-0.007781274616718292, -2.929269157903036e-06, 30.0], [-0.11523693054914474, -3.309414296381874e-06, 30.0], [-0.11236761510372162, -2.794973397612921e-06, 30.0]]",30.0,31,,13.487447811699914,test,10.96672130787598,9,"[1, 10, 1]",pre
"[165.60000000000002, 165.65000000000003, 165.70000000000002, 165.75, 165.8, 165.85000000000002, 165.9, 165.95, 166.0, 166.05, 166.10000000000002, 166.15, 166.20000000000002, 166.25, 166.3, 166.35000000000002, 166.4, 166.45000000000002, 166.5, 166.55, 166.60000000000002, 166.65000000000003, 166.70000000000002, 166.75, 166.8, 166.85000000000002, 166.9, 166.95, 167.0]","[array([56.98511179, 56.98511123, 56.98511067, 56.9851101 , 56.98510954,
       58.14614253, 58.14614216, 58.1461418 , 58.14614143, 60.8302261 ,
       60.83022586, 60.83022562, 60.83022538, 62.79880868, 62.79880858,
       62.79880847, 62.79880837, 65.50926324, 65.50926316, 65.50926308,
       65.50926299, 67.6146006 , 67.61460057, 67.61460054, 67.61460051,
       69.04732811, 69.0473281 , 69.04732809, 69.04732808]), array([ 79.08561295,  80.58561295,  82.08561295,  83.58561295,
        85.08561295,  82.54223763,  84.04223763,  85.54223763,
        87.04223763,  86.00681672,  87.50681672,  89.00681672,
        90.50681672,  89.52562108,  91.02562108,  92.52562108,
        94.02562108,  92.68335302,  94.18335302,  95.68335302,
        97.18335302,  96.66401839,  98.16401839,  99.66401839,
       101.16401839, 100.06525447, 101.56525447, 103.06525447,
       104.56525447])]","[[-1.1255539902776945e-05, 30.0], [-7.341747277678223e-06, 30.0], [-4.827142220165115e-06, 30.0], [-2.098105142067652e-06, 30.0], [-1.6496363741680398e-06, 30.0], [-6.016884412929357e-07, 30.0], [-2.0864713690116332e-07, 30.0]]",30.0,15,,5.36249062433871,test,10.96672130787598,9,"[1, 10, 1]",pre
"[37.79999999999999, 37.849999999999994, 37.89999999999999, 37.94999999999999, 37.99999999999999, 38.04999999999999, 38.099999999999994, 38.14999999999999, 38.19999999999999, 38.249999999999986, 38.29999999999999, 38.349999999999994, 38.39999999999999, 38.44999999999999, 38.49999999999999, 38.55, 38.599999999999994, 38.64999999999999, 38.69999999999999, 38.74999999999999, 38.79999999999999, 38.849999999999994, 38.89999999999999, 38.94999999999999, 38.99999999999999]","[array([35.4797897 , 35.47977647, 35.47976324, 35.47975001, 35.47973678,
       39.75144014, 39.75143309, 39.75142604, 39.75141899, 43.59869137,
       43.59868326, 43.59867514, 43.59866702, 48.59082024, 48.59081476,
       48.59080927, 48.59080379, 53.42770803, 53.42770338, 53.42769873,
       53.42769407, 58.68054194, 58.68053444, 58.68052694, 58.68051944]), array([51.68630857, 51.68383772, 51.68136688, 51.67889603, 51.67642518,
       57.1326763 , 57.1290344 , 57.1253925 , 57.1217506 , 60.71756379,
       60.71577081, 60.71397783, 60.71218486, 66.44269616, 66.44049166,
       66.43828716, 66.43608266, 71.58502134, 71.58127222, 71.57752311,
       71.573774  , 75.94516659, 75.94130811, 75.93744964, 75.93359116]), array([57.69116027, 59.19116027, 60.69116027, 62.19116027, 63.69116027,
       63.70077185, 65.20077185, 66.70077185, 68.20077185, 68.93197796,
       70.43197796, 71.93197796, 73.43197796, 74.20639311, 75.70639311,
       77.20639311, 78.70639311, 78.07632181, 79.57632181, 81.07632181,
       82.57632181, 82.35897676, 83.85897676, 85.35897676, 86.85897676])]","[[-0.00026458510546945035, -0.049416977912187576, 30.0], [-0.00014097838720772415, -0.07283798605203629, 30.0], [-0.00016236859664786607, -0.03585955873131752, 30.0], [-0.00010968565766233951, -0.04408995062112808, 30.0], [-9.306747961090878e-05, -0.07498221099376678, 30.0], [-0.0001500313082942739, -0.07716947793960571, 30.0]]",30.0,26,,12.763530638349643,test,10.96672130787598,9,"[1, 10, 1]",pre
"[186.20000000000002, 186.25, 186.3, 186.35000000000002, 186.4, 186.45000000000002, 186.5, 186.55, 186.60000000000002, 186.65000000000003, 186.70000000000002, 186.75, 186.8, 186.85000000000002, 186.9, 186.95, 187.0, 187.05, 187.10000000000002, 187.15, 187.20000000000002, 187.25, 187.3, 187.35000000000002, 187.4, 187.45000000000002, 187.5, 187.55, 187.60000000000002, 187.65000000000003, 187.70000000000002, 187.75, 187.8, 187.85000000000002, 187.9, 187.95, 188.0, 188.05, 188.10000000000002, 188.15, 188.20000000000002, 188.25, 188.3, 188.35000000000002, 188.4, 188.45000000000002, 188.5, 188.55, 188.60000000000002, 188.65000000000003, 188.70000000000002, 188.75, 188.8, 188.85000000000002, 188.9, 188.95, 189.0, 189.05, 189.10000000000002, 189.15, 189.20000000000002, 189.25, 189.3, 189.35000000000002, 189.4]","[array([52.58457425, 52.58456699, 52.58455973, 52.58455247, 52.58454521,
       52.91233116, 52.9123237 , 52.91231623, 52.91230876, 53.24009533,
       53.24008765, 53.24007996, 53.24007228, 53.56785949, 53.56785159,
       53.56784368, 53.56783578, 53.89562364, 53.89561551, 53.89560738,
       53.89559925, 54.22338779, 54.22337942, 54.22337106, 54.22336269,
       54.55115193, 54.55114332, 54.55113472, 54.55112611, 54.87891607,
       54.87890721, 54.87889835, 54.8788895 , 55.20668019, 55.20667108,
       55.20666197, 55.20665286, 56.35838589, 56.35837133, 56.35835678,
       56.35834223, 59.56093993, 59.56087093, 59.56080193, 59.56073294,
       63.40456642, 63.40412102, 63.40367561, 63.40323021, 67.20561203,
       67.20313836, 67.20066469, 67.19819102, 70.11568681, 70.10996343,
       70.10424005, 70.09851668, 73.00850057, 73.02516646, 73.04183234,
       73.05849823, 74.03868788, 74.0430453 , 74.04740271, 74.05176012]), array([69.91435886, 71.41435886, 72.91435886, 74.41435886, 75.91435886,
       71.68902364, 73.18902364, 74.68902364, 76.18902364, 71.96368841,
       73.46368841, 74.96368841, 76.46368841, 72.23835318, 73.73835318,
       75.23835318, 76.73835318, 72.51301796, 74.01301796, 75.51301796,
       77.01301796, 72.78768273, 74.28768273, 75.78768273, 77.28768273,
       73.06234751, 74.56234751, 76.06234751, 77.56234751, 73.33701228,
       74.83701228, 76.33701228, 77.83701228, 73.61167705, 75.11167705,
       76.61167705, 78.11167705, 73.88634183, 75.38634183, 76.88634183,
       78.38634183, 74.1610066 , 75.6610066 , 77.1610066 , 78.6610066 ,
       74.43567137, 75.93567137, 77.43567137, 78.93567137, 74.71033615,
       76.21033615, 77.71033615, 79.21033615, 74.98500092, 76.48500092,
       77.98500092, 79.48500092, 75.2596657 , 76.7596657 , 78.2596657 ,
       79.7596657 , 76.90051028, 78.40051028, 79.90051028, 81.40051028])]","[[-0.00014519284013658762, 30.0], [-0.00014937427476979792, 30.0], [-0.0001536757335998118, 30.0], [-0.00015810059267096221, 30.0], [-0.0001626528101041913, 30.0], [-0.00016733536904212087, 30.0], [-0.00017215270781889558, 30.0], [-0.00017710796964820474, 30.0], [-0.00018220576748717576, 30.0], [-0.0002910398179665208, 30.0], [-0.001379951136186719, 30.0], [-0.008908038958907127, 30.0], [-0.04947343468666077, 30.0], [-0.1144675612449646, 30.0], [0.33331775665283203, 30.0], [0.0871482640504837, 30.0]]",30.0,17,,15.891603519739716,test,10.96672130787598,9,"[1, 10, 1]",pre
"[126.4, 126.45, 126.5, 126.55000000000001, 126.60000000000001, 126.65, 126.70000000000002, 126.75000000000001, 126.80000000000001, 126.85000000000001, 126.9, 126.95, 127.0]","[array([33.22520014, 33.22520013, 33.22520013, 33.22520012, 33.22520011,
       38.70776017, 38.70776016, 38.70776016, 38.70776015, 44.23466649,
       44.23466649, 44.23466648, 44.23466648]), array([63.04217416, 64.54217416, 66.04217416, 67.54217416, 69.04217416,
       70.96002921, 72.46002921, 73.96002921, 75.46002921, 77.33280342,
       78.83280342, 80.33280342, 81.83280342])]","[[-1.776333959924159e-07, 30.0], [-1.0738069278204421e-07, 30.0], [-6.810933683709663e-08, 30.0]]",30.0,8,,11.7550015791126,test,10.96672130787598,9,"[1, 10, 1]",pre
"[129.8, 129.85000000000002, 129.9, 129.95, 130.0, 130.05, 130.1, 130.14999999999998, 130.2, 130.25, 130.3, 130.35, 130.4, 130.45000000000002, 130.5, 130.55, 130.60000000000002, 130.65000000000003, 130.70000000000002, 130.75, 130.8, 130.85000000000002, 130.9, 130.95, 131.0]","[array([36.26758634, 36.26755697, 36.26752761, 36.26749825, 36.26746888,
       41.28585524, 41.28581643, 41.28577763, 41.28573883, 45.67840007,
       45.67838594, 45.67837181, 45.67835768, 49.71040477, 49.71039678,
       49.7103888 , 49.71038082, 54.36573201, 54.36572416, 54.36571631,
       54.36570846, 59.18865298, 59.18864533, 59.18863767, 59.18863002]), array([50.97781745, 52.47781745, 53.97781745, 55.47781745, 56.97781745,
       56.97170614, 58.47170614, 59.97170614, 61.47170614, 63.26175785,
       64.76175785, 66.26175785, 67.76175785, 68.36284086, 69.86284086,
       71.36284086, 72.86284086, 73.0490918 , 74.5490918 , 76.0490918 ,
       77.5490918 , 77.92032004, 79.42032004, 80.92032004, 82.42032004])]","[[-0.0005872870096936822, 30.0], [-0.0007760755834169686, 30.0], [-0.00028256201767362654, 30.0], [-0.00015963439363986254, 30.0], [-0.0001570169988553971, 30.0], [-0.0001530137815279886, 30.0]]",30.0,9,,9.97878779711038,test,10.96672130787598,9,"[1, 10, 1]",pre
"[195.0, 195.05, 195.10000000000002, 195.15, 195.20000000000002, 195.25, 195.3, 195.35000000000002, 195.4]","[array([49.51602589, 49.51602226, 49.51601864, 49.51601501, 49.51601139,
       52.57487733, 52.57487628, 52.57487523, 52.57487418]), array([68.1434742 , 69.6434742 , 71.1434742 , 72.6434742 , 74.1434742 ,
       75.01142049, 76.51142049, 78.01142049, 79.51142049])]","[[-7.250143971759826e-05, 30.0], [-2.1023774024797603e-05, 30.0]]",30.0,19,,4.611151146168089,test,10.96672130787598,9,"[1, 10, 1]",pre
"[203.8, 203.85000000000002, 203.9, 203.95, 204.0, 204.05, 204.10000000000002, 204.15, 204.20000000000002, 204.25, 204.3, 204.35000000000002, 204.4, 204.45000000000002, 204.5, 204.55, 204.60000000000002, 204.65000000000003, 204.70000000000002, 204.75, 204.8, 204.85000000000002, 204.9, 204.95, 205.0, 205.05, 205.10000000000002, 205.15, 205.20000000000002, 205.25, 205.3, 205.35000000000002, 205.4, 205.45000000000002, 205.5, 205.55, 205.60000000000002, 205.65000000000003, 205.70000000000002, 205.75, 205.8, 205.85000000000002, 205.9, 205.95, 206.0, 206.05, 206.10000000000002, 206.15, 206.20000000000002]","[array([32.88744869, 32.8519484 , 32.81644811, 32.78094783, 32.74544754,
       34.47720494, 34.4741071 , 34.47100927, 34.46791143, 36.5902586 ,
       36.58450377, 36.57874893, 36.5729941 , 38.21720457, 38.21255366,
       38.20790275, 38.20325184, 39.91571002, 39.9134153 , 39.91112057,
       39.90882585, 41.69204242, 41.69094477, 41.68984712, 41.68874947,
       43.73810857, 43.73752615, 43.73694372, 43.7363613 , 45.53912342,
       45.53894891, 45.5387744 , 45.53859989, 47.45938159, 47.45932631,
       47.45927102, 47.45921574, 49.53158025, 49.53155188, 49.53152351,
       49.53149514, 51.57845462, 51.57844167, 51.57842872, 51.57841577,
       53.48288339, 53.48288022, 53.48287705, 53.48287389]), array([32.94001054, 34.44001054, 35.94001054, 37.44001054, 38.94001054,
       38.06531783, 39.56531783, 41.06531783, 42.56531783, 41.36739058,
       42.86739058, 44.36739058, 45.86739058, 44.07880042, 45.57880042,
       47.07880042, 48.57880042, 47.58995693, 49.08995693, 50.58995693,
       52.08995693, 50.93032349, 52.43032349, 53.93032349, 55.43032349,
       54.24375279, 55.74375279, 57.24375279, 58.74375279, 58.37663582,
       59.87663582, 61.37663582, 62.87663582, 62.47795087, 63.97795087,
       65.47795087, 66.97795087, 65.80662238, 67.30662238, 68.80662238,
       70.30662238, 69.32496174, 70.82496174, 72.32496174, 73.82496174,
       73.8630967 , 75.3630967 , 76.8630967 , 78.3630967 ])]","[[-0.7100057601928711, 30.0], [-0.061956681311130524, 30.0], [-0.11509664356708527, 30.0], [-0.09301821887493134, 30.0], [-0.04589443653821945, 30.0], [-0.021952947601675987, 30.0], [-0.011648477055132389, 30.0], [-0.0034901616163551807, 30.0], [-0.001105710631236434, 30.0], [-0.0005673923878930509, 30.0], [-0.00025899926549755037, 30.0], [-6.332110206130892e-05, 30.0]]",30.0,21,,4.274425285792444,test,10.96672130787598,9,"[1, 10, 1]",pre
"[153.60000000000002, 153.65000000000003, 153.70000000000002, 153.75, 153.8, 153.85000000000002, 153.9, 153.95, 154.0]","[array([49.39668264, 49.39668188, 49.39668112, 49.39668036, 49.3966796 ,
       54.49473388, 54.49473325, 54.49473262, 54.494732  ]), array([70.93621462, 72.43621462, 73.93621462, 75.43621462, 76.93621462,
       77.88836552, 79.38836552, 80.88836552, 82.38836552])]","[[-1.5211210666166153e-05, 30.0], [-1.2577823326864745e-05, 30.0]]",30.0,12,,11.112455762890278,test,10.96672130787598,9,"[1, 10, 1]",pre
"[15.39999999999999, 15.449999999999989, 15.49999999999999, 15.54999999999999, 15.599999999999989, 15.64999999999999, 15.699999999999989, 15.74999999999999, 15.79999999999999, 15.84999999999999, 15.89999999999999, 15.949999999999989, 15.99999999999999, 16.04999999999999, 16.099999999999987, 16.149999999999988, 16.19999999999999, 16.24999999999999, 16.29999999999999, 16.349999999999987, 16.399999999999988]","[array([37.61086844, 37.61085246, 37.61083649, 37.61082052, 37.61080455,
       43.75832615, 43.75830537, 43.75828459, 43.7582638 , 50.82473231,
       50.82468616, 50.82464   , 50.82459385, 56.13011708, 56.13008507,
       56.13005306, 56.13002106, 62.383702  , 62.38366431, 62.38362662,
       62.38358893]), array([53.46432872, 54.96432872, 56.46432872, 57.96432872, 59.46432872,
       60.61795998, 62.11795998, 63.61795998, 65.11795998, 66.18382288,
       67.68382288, 69.18382288, 70.68382288, 72.17833662, 73.67833662,
       75.17833662, 76.67833662, 78.12430927, 79.62430927, 81.12430927,
       82.62430927])]","[[-0.00031942990608513355, 30.0], [-0.00041563273407518864, 30.0], [-0.0009230655850842595, 30.0], [-0.0006401408463716507, 30.0], [-0.0007538298377767205, 30.0]]",30.0,0,,16.032029637481017,test,10.96672130787598,9,"[1, 10, 1]",pre
"[51.39999999999999, 51.44999999999999, 51.49999999999999, 51.55, 51.599999999999994, 51.64999999999999, 51.69999999999999, 51.74999999999999, 51.79999999999999, 51.849999999999994, 51.89999999999999, 51.94999999999999, 51.99999999999999]","[array([59.49657447, 59.49191594, 59.48725742, 59.4825989 , 59.47794038,
       63.29285247, 63.29132083, 63.28978919, 63.28825755, 67.08522131,
       67.08475606, 67.08429082, 67.08382558]), array([63.84813801, 65.34813801, 66.84813801, 68.34813801, 69.84813801,
       71.84186179, 73.34186179, 74.84186179, 76.34186179, 78.03126895,
       79.53126895, 81.03126895, 82.53126895])]","[[-0.09317042678594589, 30.0], [-0.03063276968896389, 30.0], [-0.009304879233241081, 30.0]]",30.0,4,,5.638265602297923,test,10.96672130787598,9,"[1, 10, 1]",pre
"[172.60000000000002, 172.65000000000003, 172.70000000000002, 172.75, 172.8, 172.85000000000002, 172.9, 172.95, 173.0, 173.05, 173.10000000000002, 173.15, 173.20000000000002, 173.25, 173.3, 173.35000000000002, 173.4, 173.45000000000002, 173.5, 173.55, 173.60000000000002, 173.65000000000003, 173.70000000000002, 173.75, 173.8, 173.85000000000002, 173.9, 173.95, 174.0, 174.05, 174.10000000000002, 174.15, 174.20000000000002, 174.25, 174.3, 174.35000000000002, 174.4, 174.45000000000002, 174.5, 174.55, 174.60000000000002, 174.65000000000003, 174.70000000000002, 174.75, 174.8, 174.85000000000002, 174.9, 174.95, 175.0, 175.05, 175.10000000000002, 175.15, 175.20000000000002, 175.25, 175.3, 175.35000000000002, 175.4, 175.45000000000002, 175.5, 175.55, 175.60000000000002, 175.65000000000003, 175.70000000000002, 175.75, 175.8, 175.85000000000002, 175.9, 175.95, 176.0, 176.05, 176.10000000000002, 176.15, 176.20000000000002]","[array([33.54793054, 33.54792724, 33.54792393, 33.54792062, 33.54791732,
       35.06196155, 35.06195849, 35.06195542, 35.06195236, 36.10538772,
       36.10538555, 36.10538337, 36.1053812 , 38.29834508, 38.29834221,
       38.29833933, 38.29833646, 39.16987049, 39.16986803, 39.16986556,
       39.16986309, 40.69511625, 40.69511302, 40.69510979, 40.69510656,
       41.95945774, 41.9594547 , 41.95945167, 41.95944863, 44.57532109,
       44.57531547, 44.57530986, 44.57530425, 47.93674985, 47.93673441,
       47.93671897, 47.93670353, 51.64892563, 51.64886848, 51.64881133,
       51.64875419, 55.79680432, 55.79653498, 55.79626563, 55.79599629,
       59.74642886, 59.74521343, 59.743998  , 59.74278257, 62.85872821,
       62.85544819, 62.85216818, 62.84888816, 66.38463443, 66.37921474,
       66.37379505, 66.36837536, 70.04228715, 70.05416983, 70.06605251,
       70.0779352 , 70.94369509, 70.93886369, 70.93403229, 70.92920089,
       71.87983428, 71.87781657, 71.87579887, 71.87378116, 72.81846329,
       72.81794823, 72.81743317, 72.81691811]), array([52.34719283, 53.84719283, 55.34719283, 56.84719283, 58.34719283,
       55.502661  , 57.002661  , 58.502661  , 60.002661  , 57.18881865,
       58.68881865, 60.18881865, 61.68881865, 58.85921721, 60.35921721,
       61.85921721, 63.35921721, 60.01363012, 61.51363012, 63.01363012,
       64.51363012, 61.03904662, 62.53904662, 64.03904662, 65.53904662,
       62.41826811, 63.91826811, 65.41826811, 66.91826811, 63.88594085,
       65.38594085, 66.88594085, 68.38594085, 65.35361358, 66.85361358,
       68.35361358, 69.85361358, 66.60490518, 68.10490518, 69.60490518,
       71.10490518, 67.8021015 , 69.3021015 , 70.8021015 , 72.3021015 ,
       68.77603839, 70.27603839, 71.77603839, 73.27603839, 69.69416041,
       71.19416041, 72.69416041, 74.19416041, 70.61228244, 72.11228244,
       73.61228244, 75.11228244, 72.500693  , 74.000693  , 75.500693  ,
       77.000693  , 76.6763359 , 78.1763359 , 79.6763359 , 81.1763359 ,
       79.83857323, 81.33857323, 82.83857323, 84.33857323, 83.56551605,
       85.06551605, 86.56551605, 88.06551605])]","[[-6.612726429011673e-05, 30.0], [-6.130219117039815e-05, 30.0], [-4.34398498327937e-05, 30.0], [-5.7479664974380285e-05, 30.0], [-4.939455175190233e-05, 30.0], [-6.456390838138759e-05, 30.0], [-6.071029565646313e-05, 30.0], [-0.00011226622154936194, 30.0], [-0.00030881029670126736, 30.0], [-0.001142990542575717, 30.0], [-0.005386895965784788, 30.0], [-0.02430860884487629, 30.0], [-0.06560032069683075, 30.0], [-0.10839375108480453, 30.0], [0.23765365779399872, 30.0], [-0.09662799537181854, 30.0], [-0.04035413637757301, 30.0], [-0.01030123420059681, 30.0]]",30.0,16,,11.6223407329715,test,10.96672130787598,9,"[1, 10, 1]",pre
"[57.79999999999999, 57.849999999999994, 57.89999999999999, 57.94999999999999, 57.99999999999999, 58.04999999999999, 58.099999999999994, 58.14999999999999, 58.19999999999999]","[array([12.49886685, 12.49886685, 12.49886685, 12.49886685, 12.49886685,
       17.09768729, 17.09768729, 17.09768729, 17.09768729]), array([63.4408187 , 64.9408187 , 66.4408187 , 67.9408187 , 69.4408187 ,
       68.58861614, 70.08861614, 71.58861614, 73.08861614])]","[[-2.0372570817828173e-12, 30.0], [-3.4003667936932658e-12, 30.0]]",30.0,5,,8.972369985296165,test,10.96672130787598,9,"[1, 10, 1]",pre
"[155.4, 155.45000000000002, 155.5, 155.55, 155.60000000000002, 155.65000000000003, 155.70000000000002, 155.75, 155.8, 155.85000000000002, 155.9, 155.95, 156.0, 156.05, 156.1, 156.14999999999998, 156.2, 156.25, 156.3, 156.35, 156.4]","[array([29.20790182, 29.20790172, 29.20790161, 29.2079015 , 29.20790139,
       35.05920413, 35.05920398, 35.05920383, 35.05920368, 40.51403389,
       40.51403366, 40.51403344, 40.51403322, 46.70803047, 46.70803011,
       46.70802975, 46.7080294 , 53.10779792, 53.10779713, 53.10779634,
       53.10779555]), array([54.37149008, 55.87149008, 57.37149008, 58.87149008, 60.37149008,
       61.12761562, 62.62761562, 64.12761562, 65.62761562, 65.8458941 ,
       67.3458941 , 68.8458941 , 70.3458941 , 71.15450987, 72.65450987,
       74.15450987, 75.65450987, 76.07175193, 77.57175193, 79.07175193,
       80.57175193])]","[[-2.170648031096789e-06, 30.0], [-2.989086397064966e-06, 30.0], [-4.4407343011698686e-06, 30.0], [-7.145708877942525e-06, 30.0], [-1.584100755280815e-05, 30.0]]",30.0,13,,15.861960120404426,test,10.96672130787598,9,"[1, 10, 1]",pre
"[143.60000000000002, 143.65000000000003, 143.70000000000002, 143.75, 143.8, 143.85000000000002, 143.9, 143.95, 144.0]","[array([55.41647812, 55.41617736, 55.41587659, 55.41557583, 55.41527506,
       59.81515622, 59.81493043, 59.81470464, 59.81447886]), array([65.70880032, 67.20880032, 68.70880032, 70.20880032, 71.70880032,
       72.15945148, 73.65945148, 75.15945148, 76.65945148])]","[[-0.006015299819409847, 30.0], [-0.004515786189585924, 30.0]]",30.0,11,,10.499485405859405,test,10.96672130787598,9,"[1, 10, 1]",pre
"[5.399999999999989, 5.449999999999989, 5.499999999999989, 5.549999999999989, 5.599999999999989, 5.649999999999989, 5.699999999999989, 5.749999999999989, 5.799999999999989, 5.849999999999989, 5.89999999999999, 5.9499999999999895, 5.999999999999989]","[array([39.34308525, 39.34308505, 39.34308485, 39.34308465, 39.34308445,
       42.83559551, 42.83559547, 42.83559542, 42.83559538, 48.41431817,
       48.41431813, 48.4143181 , 48.41431807]), array([63.37008187, 63.36546527, 63.36084868, 63.35623209, 63.35161549,
       69.84332959, 69.83868487, 69.83404014, 69.82939541, 75.95635016,
       75.96018517, 75.96402019, 75.9678552 ]), array([65.77588481, 67.27588481, 68.77588481, 70.27588481, 71.77588481,
       73.76186853, 75.26186853, 76.76186853, 78.26186853, 78.8529341 ,
       80.3529341 , 81.8529341 , 83.3529341 ])]","[[-3.998643933300627e-06, -0.0923318862915039, 30.0], [-8.032035907490354e-07, -0.09289459884166718, 30.0], [-6.053309675735363e-07, 0.07670026272535324, 30.0]]",30.0,24,,15.500508203913496,test,10.96672130787598,9,"[1, 10, 1]",pre
"[19.79999999999999, 19.84999999999999, 19.89999999999999, 19.94999999999999, 19.99999999999999, 20.04999999999999, 20.099999999999987, 20.149999999999988, 20.19999999999999]","[array([53.28707373, 53.28705823, 53.28704272, 53.28702721, 53.2870117 ,
       59.99529321, 59.99528555, 59.9952779 , 59.99527024]), array([69.19580469, 70.69580469, 72.19580469, 73.69580469, 75.19580469,
       78.72582968, 80.22582968, 81.72582968, 83.22582968])]","[[-0.00031015026615932584, 30.0], [-0.00015310634626075625, 30.0]]",30.0,1,,15.279034383307351,test,10.96672130787598,9,"[1, 10, 1]",pre
"[30.79999999999999, 30.84999999999999, 30.89999999999999, 30.94999999999999, 30.99999999999999, 31.04999999999999, 31.099999999999987, 31.149999999999988, 31.19999999999999]","[array([31.02153481, 31.02153481, 31.02153481, 31.02153481, 31.02153481,
       35.69781022, 35.69781022, 35.69781022, 35.69781022]), array([67.99286825, 69.49286825, 70.99286825, 72.49286825, 73.99286825,
       76.16748112, 77.66748112, 79.16748112, 80.66748112])]","[[-3.77473519108662e-09, 30.0], [-1.2868901499984986e-09, 30.0]]",30.0,2,,6.949682519573876,test,10.96672130787598,9,"[1, 10, 1]",pre
"[119.2, 119.25, 119.30000000000001, 119.35000000000001, 119.4, 119.45, 119.5, 119.55000000000001, 119.60000000000001]","[array([43.36125039, 43.36124159, 43.36123279, 43.36122399, 43.36121519,
       48.0021293 , 48.00211983, 48.00211036, 48.00210089]), array([60.33103052, 60.33100869, 60.33098685, 60.33096502, 60.33094319,
       64.83515267, 64.83513927, 64.83512588, 64.83511248]), array([75.59789827, 77.09789827, 78.59789827, 80.09789827, 81.59789827,
       82.5183063 , 84.0183063 , 85.5183063 , 87.0183063 ])]","[[-0.00017600487626623362, -0.00043668452417477965, 30.0], [-0.00018934837135020643, -0.0002679071039892733, 30.0]]",30.0,29,,11.225591995561702,test,10.96672130787598,9,"[1, 10, 1]",pre
"[36.59999999999999, 36.64999999999999, 36.69999999999999, 36.749999999999986, 36.79999999999999, 36.849999999999994, 36.89999999999999, 36.94999999999999, 36.99999999999999, 37.04999999999999, 37.099999999999994, 37.14999999999999, 37.19999999999999, 37.249999999999986, 37.29999999999999, 37.349999999999994, 37.39999999999999, 37.44999999999999, 37.499999999999986, 37.54999999999999, 37.59999999999999]","[array([27.99988964, 27.99988772, 27.99988581, 27.99988389, 27.99988197,
       32.57578809, 32.575787  , 32.57578591, 32.57578481, 37.50762853,
       37.50762829, 37.50762804, 37.50762779, 43.34457395, 43.34457358,
       43.34457321, 43.34457284, 48.8446173 , 48.84461676, 48.84461622,
       48.84461568]), array([47.81525144, 49.31525144, 50.81525144, 52.31525144, 53.81525144,
       54.94179594, 56.44179594, 57.94179594, 59.44179594, 62.64613439,
       64.14613439, 65.64613439, 67.14613439, 67.71532736, 69.21532736,
       70.71532736, 72.21532736, 72.52338429, 74.02338429, 75.52338429,
       77.02338429])]","[[-3.8360834878403693e-05, 30.0], [-2.183472679462284e-05, 30.0], [-4.926941073790658e-06, 30.0], [-7.442377409461187e-06, 30.0], [-1.079232242773287e-05, 30.0]]",30.0,3,,11.273752697819077,test,10.96672130787598,9,"[1, 10, 1]",pre
"[44.39999999999999, 44.44999999999999, 44.49999999999999, 44.55, 44.599999999999994, 44.64999999999999, 44.69999999999999, 44.74999999999999, 44.79999999999999]","[array([36.53253205, 36.53242185, 36.53231165, 36.53220145, 36.53209125,
       41.52400356, 41.5238674 , 41.52373124, 41.52359507]), array([48.74536607, 48.74536595, 48.74536583, 48.7453657 , 48.74536558,
       53.33469519, 53.33469501, 53.33469483, 53.33469464]), array([73.67300816, 75.17300816, 76.67300816, 78.17300816, 79.67300816,
       79.02359461, 80.52359461, 82.02359461, 83.52359461])]","[[-0.0022040107287466526, -2.464197905283072e-06, 30.0], [-0.0027232645079493523, -3.6654262203228427e-06, 30.0]]",30.0,27,,13.010143039616429,test,10.96672130787598,9,"[1, 10, 1]",pre
"[225.20000000000002, 225.25, 225.3, 225.35000000000002, 225.4, 225.45000000000002, 225.5, 225.55, 225.60000000000002, 225.65000000000003, 225.70000000000002, 225.75, 225.8, 225.85000000000002, 225.9, 225.95, 226.0]","[array([45.95198294, 45.95197394, 45.95196495, 45.95195595, 45.95194695,
       47.99958842, 47.9995865 , 47.99958458, 47.99958266, 51.0363954 ,
       51.03639481, 51.03639421, 51.03639361, 55.98754069, 55.98753997,
       55.98753925, 55.98753853]), array([62.88029266, 64.38029266, 65.88029266, 67.38029266, 68.88029266,
       69.3130022 , 70.8130022 , 72.3130022 , 73.8130022 , 74.52894119,
       76.02894119, 77.52894119, 79.02894119, 79.12828712, 80.62828712,
       82.12828712, 83.62828712])]","[[-0.00017994892550632358, 30.0], [-3.840098361251876e-05, 30.0], [-1.1927259038202465e-05, 30.0], [-1.4406791706278455e-05, 30.0]]",30.0,23,,7.250868315822332,test,10.96672130787598,9,"[1, 10, 1]",pre
"[120.2, 120.25, 120.30000000000001, 120.35000000000001, 120.4, 120.45, 120.5, 120.55000000000001, 120.60000000000001]","[array([12.48364847, 12.48364827, 12.48364807, 12.48364786, 12.48364766,
       18.57973834, 18.57973802, 18.57973769, 18.57973737]), array([36.47832387, 36.47832387, 36.47832387, 36.47832386, 36.47832386,
       41.7118759 , 41.7118759 , 41.71187589, 41.71187589]), array([69.03897263, 70.53897263, 72.03897263, 73.53897263, 75.03897263,
       75.63381783, 77.13381783, 78.63381783, 80.13381783])]","[[-4.068706402904354e-06, -4.0569549497604385e-08, 30.0], [-6.467416369559942e-06, -4.3714628361612995e-08, 30.0]]",30.0,30,,13.134323238739931,test,10.96672130787598,9,"[1, 10, 1]",pre
"[219.8, 219.85000000000002, 219.9, 219.95, 220.0, 220.05, 220.10000000000002, 220.15, 220.20000000000002]","[array([56.49228011, 56.49221701, 56.49215391, 56.4920908 , 56.4920277 ,
       59.6090072 , 59.60899126, 59.60897531, 59.60895937]), array([69.76102459, 71.26102459, 72.76102459, 74.26102459, 75.76102459,
       76.96577031, 78.46577031, 79.96577031, 81.46577031])]","[[-0.001262079575099051, 30.0], [-0.0003188702976331115, 30.0]]",30.0,22,,2.9452033268249527,test,10.96672130787598,9,"[1, 10, 1]",pre
"[191.20000000000002, 191.25, 191.3, 191.35000000000002, 191.4, 191.45000000000002, 191.5, 191.55, 191.60000000000002, 191.65000000000003, 191.70000000000002, 191.75, 191.8, 191.85000000000002, 191.9, 191.95, 192.0, 192.05, 192.10000000000002, 192.15, 192.20000000000002]","[array([64.86242885, 64.86240358, 64.86237832, 64.86235305, 64.86232779,
       66.82488102, 66.82485232, 66.82482361, 66.82479491, 68.42662659,
       68.42659967, 68.42657276, 68.42654584, 70.12605363, 70.12602705,
       70.12600046, 70.12597388, 72.21621391, 72.21618919, 72.21616447,
       72.21613974]), array([79.85523675, 81.35523675, 82.85523675, 84.35523675, 85.85523675,
       83.07789415, 84.57789415, 86.07789415, 87.57789415, 84.80055156,
       86.30055156, 87.80055156, 89.30055156, 86.52320896, 88.02320896,
       89.52320896, 91.02320896, 88.74967519, 90.24967519, 91.74967519,
       93.24967519])]","[[-0.0005052980268374085, 30.0], [-0.0005740810884162784, 30.0], [-0.0005383106181398034, 30.0], [-0.0005316968890838325, 30.0], [-0.0004944861866533756, 30.0]]",30.0,18,,8.411999345102403,test,10.96672130787598,9,"[1, 10, 1]",pre
"[20.79999999999999, 20.84999999999999, 20.89999999999999, 20.94999999999999, 20.99999999999999, 21.04999999999999, 21.099999999999987, 21.149999999999988, 21.19999999999999]","[array([40.30266768, 40.30146276, 40.30025785, 40.29905293, 40.29784801,
       46.11155311, 46.11666204, 46.12177097, 46.1268799 ]), array([42.13244704, 42.13244699, 42.13244695, 42.1324469 , 42.13244686,
       47.42549234, 47.42549231, 47.42549228, 47.42549225]), array([68.92500265, 70.42500265, 71.92500265, 73.42500265, 74.92500265,
       76.57705858, 78.07705858, 79.57705858, 81.07705858])]","[[-0.02409837394952774, -9.040097666002112e-07, 30.0], [0.10217857360839844, -5.695182494491746e-07, 30.0]]",30.0,25,,13.988151759224694,test,10.96672130787598,9,"[1, 10, 1]",pre
"[82.39999999999999, 82.44999999999999, 82.5, 82.55, 82.6, 82.64999999999999, 82.69999999999999, 82.75, 82.8, 82.85, 82.9, 82.95, 83.0, 83.05, 83.1, 83.14999999999999, 83.19999999999999, 83.24999999999999, 83.29999999999998, 83.35, 83.39999999999999, 83.44999999999999, 83.5, 83.55, 83.6, 83.64999999999999, 83.69999999999999, 83.75, 83.8, 83.85, 83.9, 83.95, 84.0]","[array([ 6.07890997,  6.07890915,  6.07890832,  6.07890749,  6.07890666,
       12.29288801, 12.2928876 , 12.29288718, 12.29288677, 18.25849713,
       18.25849693, 18.25849674, 18.25849654, 25.77669591, 25.77669553,
       25.77669514, 25.77669476, 31.88670995, 31.8867095 , 31.88670904,
       31.88670859, 37.68639269, 37.68639239, 37.6863921 , 37.6863918 ,
       44.82107325, 44.8210729 , 44.82107255, 44.8210722 , 51.65980187,
       51.65980165, 51.65980142, 51.6598012 ]), array([27.45913823, 28.95913823, 30.45913823, 31.95913823, 33.45913823,
       36.46048406, 37.96048406, 39.46048406, 40.96048406, 43.82740037,
       45.32740037, 46.82740037, 48.32740037, 50.09100777, 51.59100777,
       53.09100777, 54.59100777, 55.90075496, 57.40075496, 58.90075496,
       60.40075496, 62.47685556, 63.97685556, 65.47685556, 66.97685556,
       69.31051897, 70.81051897, 72.31051897, 73.81051897, 76.97299026,
       78.47299026, 79.97299026, 81.47299026])]","[[-1.656913082115352e-05, 30.0], [-8.300470653921366e-06, 30.0], [-3.9095971260394435e-06, 30.0], [-7.671461389691103e-06, 30.0], [-9.014032912091352e-06, 30.0], [-5.9400613281468395e-06, 30.0], [-6.982676040934166e-06, 30.0], [-4.4855137275590096e-06, 30.0]]",30.0,6,,19.268870837633003,test,10.96672130787598,9,"[1, 10, 1]",pre
